# Time-averaged data for fix myat1
# TimeStep v_xave v_xdes
3150100 28.4809 28
3150200 28.7083 28
3150300 28.9918 28
3150400 29.1496 28
3150500 29.051 28
3150600 28.8675 28
3150700 28.6876 28
3150800 28.3755 28
3150900 28.0167 28
3151000 27.8067 28
3151100 27.782 28
3151200 27.7302 28
3151300 27.5564 28
3151400 27.3273 28
3151500 27.1118 28
3151600 27.3959 28
3151700 27.8309 28
3151800 28.3139 28
3151900 28.6657 28
3152000 28.7161 28
3152100 28.5271 28
3152200 28.5851 28
3152300 28.5689 28
3152400 28.5509 28
3152500 28.6623 28
3152600 28.9554 28
3152700 28.9741 28
3152800 28.5349 28
3152900 28.1252 28
3153000 27.7487 28
3153100 27.472 28
3153200 27.5013 28
3153300 27.7664 28
3153400 28.1415 28
3153500 28.2455 28
3153600 28.1447 28
3153700 27.6959 28
3153800 27.5249 28
3153900 27.6471 28
3154000 27.8344 28
3154100 27.8589 28
3154200 27.8281 28
3154300 27.7229 28
3154400 27.7352 28
3154500 28.1213 28
3154600 28.4804 28
3154700 28.5722 28
3154800 28.2238 28
3154900 27.9481 28
3155000 28.1617 28
3155100 28.2619 28
3155200 28.0586 28
3155300 27.5952 28
3155400 27.2128 28
3155500 27.2555 28
3155600 27.408 28
3155700 27.5253 28
3155800 27.7189 28
3155900 27.7634 28
3156000 27.5223 28
3156100 27.3511 28
3156200 27.471 28
3156300 27.6512 28
3156400 27.723 28
3156500 27.3662 28
3156600 27.0353 28
3156700 26.9344 28
3156800 27.1683 28
3156900 27.6703 28
3157000 27.9538 28
3157100 28.0997 28
3157200 28.21 28
3157300 28.2002 28
3157400 28.0561 28
3157500 27.9629 28
3157600 27.8649 28
3157700 27.7098 28
3157800 27.6993 28
3157900 27.5141 28
3158000 27.448 28
3158100 27.4986 28
3158200 27.5105 28
3158300 27.4027 28
3158400 27.5026 28
3158500 27.7182 28
3158600 28.041 28
3158700 28.4532 28
3158800 28.6986 28
3158900 28.5724 28
3159000 28.2636 28
3159100 28.0817 28
3159200 28.0633 28
3159300 27.6899 28
3159400 27.4988 28
3159500 27.4123 28
3159600 27.6556 28
3159700 27.9321 28
3159800 28.2091 28
3159900 28.3494 28
3160000 28.3356 28
3160100 28.2651 28
3160200 28.2772 28
3160300 28.2256 28
3160400 28.065 28
3160500 27.9455 28
3160600 27.8139 28
3160700 27.7978 28
3160800 27.8709 28
3160900 28.279 28
3161000 28.6403 28
3161100 28.4333 28
3161200 27.9013 28
3161300 27.6173 28
3161400 27.7254 28
3161500 27.6601 28
3161600 27.7422 28
3161700 27.8812 28
3161800 27.8339 28
3161900 27.6459 28
3162000 27.2646 28
3162100 27.0145 28
3162200 27.1675 28
3162300 27.2577 28
3162400 27.3577 28
3162500 27.5631 28
3162600 27.9376 28
3162700 28.3211 28
3162800 28.4657 28
3162900 28.5459 28
3163000 28.6083 28
3163100 28.6995 28
3163200 28.8436 28
3163300 28.8369 28
3163400 28.6704 28
3163500 28.1833 28
3163600 27.655 28
3163700 27.3752 28
3163800 27.2974 28
3163900 27.1774 28
3164000 27.1649 28
3164100 27.3409 28
3164200 27.6552 28
3164300 28.0197 28
3164400 28.2736 28
3164500 28.5925 28
3164600 28.9483 28
3164700 29.0217 28
3164800 29.0669 28
3164900 29.1128 28
3165000 29.12 28
3165100 29.1742 28
3165200 29.1485 28
3165300 29.0565 28
3165400 29.1132 28
3165500 29.1868 28
3165600 29.1576 28
3165700 29.0438 28
3165800 28.8559 28
3165900 28.9358 28
3166000 29.2663 28
3166100 29.4071 28
3166200 29.2556 28
3166300 28.8128 28
3166400 28.2391 28
3166500 27.7682 28
3166600 27.3845 28
3166700 27.0549 28
3166800 27.0794 28
3166900 27.2387 28
3167000 27.7629 28
3167100 28.3239 28
3167200 28.5995 28
3167300 28.7797 28
3167400 28.7911 28
3167500 28.4892 28
3167600 28.1964 28
3167700 28.131 28
3167800 28.3141 28
3167900 28.7421 28
3168000 29.197 28
3168100 29.3473 28
3168200 29.0361 28
3168300 28.4682 28
3168400 28.1559 28
3168500 27.921 28
3168600 27.821 28
3168700 27.803 28
3168800 27.7836 28
3168900 27.7411 28
3169000 27.5922 28
3169100 27.4131 28
3169200 27.2692 28
3169300 27.3237 28
3169400 27.3444 28
3169500 27.3739 28
3169600 27.3835 28
3169700 27.2793 28
3169800 27.1933 28
3169900 27.2676 28
3170000 27.5438 28
3170100 27.8184 28
3170200 28.2401 28
3170300 28.5554 28
3170400 28.8578 28
3170500 28.8048 28
3170600 28.3867 28
3170700 28.0772 28
3170800 27.9779 28
3170900 27.885 28
3171000 27.5648 28
3171100 27.6646 28
3171200 27.8936 28
3171300 28.1036 28
3171400 28.3702 28
3171500 28.5765 28
3171600 28.6785 28
3171700 28.3792 28
3171800 27.9303 28
3171900 27.4988 28
3172000 27.0749 28
3172100 26.8933 28
3172200 26.9738 28
3172300 26.9679 28
3172400 26.9668 28
3172500 27.2197 28
3172600 27.7512 28
3172700 28.4388 28
3172800 29.071 28
3172900 29.2313 28
3173000 29.1957 28
3173100 29.0361 28
3173200 28.6544 28
3173300 28.4607 28
3173400 28.4213 28
3173500 28.5636 28
3173600 28.4024 28
3173700 28.215 28
3173800 28.0491 28
3173900 27.9992 28
3174000 28.1991 28
3174100 28.2139 28
3174200 28.1371 28
3174300 27.8715 28
3174400 27.8321 28
3174500 27.854 28
3174600 27.82 28
3174700 27.7844 28
3174800 27.864 28
3174900 27.8445 28
3175000 28.1915 28
3175100 28.5509 28
3175200 28.7026 28
3175300 28.711 28
3175400 28.4337 28
3175500 27.9105 28
3175600 27.5719 28
3175700 27.2007 28
3175800 27.0511 28
3175900 26.9438 28
3176000 26.745 28
3176100 26.7744 28
3176200 26.997 28
3176300 27.1519 28
3176400 27.2643 28
3176500 27.5258 28
3176600 27.4269 28
3176700 27.0953 28
3176800 26.7551 28
3176900 26.5895 28
3177000 27.0743 28
3177100 27.9511 28
3177200 28.6917 28
3177300 28.7549 28
3177400 28.6703 28
3177500 28.7226 28
3177600 28.6995 28
3177700 28.4992 28
3177800 28.3617 28
3177900 28.4398 28
3178000 28.5688 28
3178100 28.7762 28
3178200 28.7375 28
3178300 28.6487 28
3178400 28.2937 28
3178500 27.8725 28
3178600 27.5784 28
3178700 27.6493 28
3178800 28.0119 28
3178900 28.2154 28
3179000 28.4967 28
3179100 28.6674 28
3179200 28.6011 28
3179300 28.587 28
3179400 28.5688 28
3179500 28.2784 28
3179600 27.8836 28
3179700 27.7513 28
3179800 27.5801 28
3179900 27.117 28
3180000 26.5514 28
3180100 26.4619 28
3180200 26.7796 28
3180300 27.2716 28
3180400 27.6278 28
3180500 27.8111 28
3180600 27.847 28
3180700 27.7327 28
3180800 27.6191 28
3180900 27.4637 28
3181000 27.4479 28
3181100 27.3968 28
3181200 27.4439 28
3181300 27.49 28
3181400 27.759 28
3181500 28.1792 28
3181600 28.6074 28
3181700 28.9024 28
3181800 29.031 28
3181900 28.9418 28
3182000 28.315 28
3182100 27.8523 28
3182200 27.6618 28
3182300 27.6921 28
3182400 27.9614 28
3182500 28.2275 28
3182600 28.4372 28
3182700 28.6632 28
3182800 28.5689 28
3182900 28.3418 28
3183000 27.9158 28
3183100 27.5656 28
3183200 27.2501 28
3183300 26.9631 28
3183400 26.909 28
3183500 27.1633 28
3183600 27.3402 28
3183700 27.5267 28
3183800 28.0766 28
3183900 28.5008 28
3184000 28.6761 28
3184100 28.7512 28
3184200 28.8753 28
3184300 28.9641 28
3184400 29.0348 28
3184500 29.1798 28
3184600 29.121 28
3184700 28.9384 28
3184800 28.6429 28
3184900 28.091 28
3185000 27.7808 28
3185100 27.5166 28
3185200 27.6438 28
3185300 27.9979 28
3185400 28.3217 28
3185500 28.5863 28
3185600 28.8887 28
3185700 28.7751 28
3185800 28.4099 28
3185900 27.9869 28
3186000 27.2611 28
3186100 26.7374 28
3186200 26.5786 28
3186300 26.7612 28
3186400 27.232 28
3186500 27.6628 28
3186600 27.9878 28
3186700 28.1583 28
3186800 28.3156 28
3186900 28.5883 28
3187000 28.5662 28
3187100 28.3571 28
3187200 28.1882 28
3187300 28.1218 28
3187400 28.2654 28
3187500 28.4255 28
3187600 28.4368 28
3187700 28.2344 28
3187800 27.9254 28
3187900 27.7014 28
3188000 27.5209 28
3188100 27.4481 28
3188200 27.6807 28
3188300 28.0165 28
3188400 28.2548 28
3188500 28.0485 28
3188600 27.7932 28
3188700 28.0103 28
3188800 28.2646 28
3188900 28.5282 28
3189000 28.4731 28
3189100 28.337 28
3189200 28.2935 28
3189300 28.3831 28
3189400 28.1412 28
3189500 27.7536 28
3189600 27.1997 28
3189700 26.7386 28
3189800 26.9693 28
3189900 26.9389 28
3190000 26.7787 28
3190100 27.1622 28
3190200 27.7702 28
3190300 28.1756 28
3190400 28.4116 28
3190500 28.2547 28
3190600 27.8474 28
3190700 27.3038 28
3190800 26.8809 28
3190900 26.7264 28
3191000 26.9621 28
3191100 27.1313 28
3191200 27.2934 28
3191300 27.5919 28
3191400 27.9629 28
3191500 28.0826 28
3191600 27.9371 28
3191700 27.6521 28
3191800 27.4449 28
3191900 27.4965 28
3192000 27.5793 28
3192100 27.9261 28
3192200 28.3403 28
3192300 28.82 28
3192400 29.227 28
3192500 29.6007 28
3192600 29.6611 28
3192700 29.4885 28
3192800 29.5146 28
3192900 29.6841 28
3193000 29.5135 28
3193100 29.0502 28
3193200 28.4446 28
3193300 27.7027 28
3193400 27.3038 28
3193500 27.1086 28
3193600 27.2397 28
3193700 27.4459 28
3193800 27.8347 28
3193900 28.1283 28
3194000 28.2911 28
3194100 28.3449 28
3194200 28.1284 28
3194300 27.7504 28
3194400 27.3801 28
3194500 27.2742 28
3194600 27.0951 28
3194700 27.2412 28
3194800 27.8192 28
3194900 28.4208 28
3195000 28.746 28
3195100 28.9402 28
3195200 28.9913 28
3195300 28.9462 28
3195400 28.9706 28
3195500 28.8997 28
3195600 28.7099 28
3195700 28.5095 28
3195800 28.3065 28
3195900 28.0942 28
3196000 27.9669 28
3196100 28.1255 28
3196200 28.3639 28
3196300 28.3022 28
3196400 28.1964 28
3196500 28.0339 28
3196600 27.9668 28
3196700 27.9137 28
3196800 27.8549 28
3196900 27.803 28
3197000 27.626 28
3197100 27.332 28
3197200 27.1211 28
3197300 26.9681 28
3197400 26.9807 28
3197500 27.1107 28
3197600 27.4491 28
3197700 27.8505 28
3197800 28.376 28
3197900 28.8344 28
3198000 29.0348 28
3198100 28.7621 28
3198200 28.2876 28
3198300 28.1826 28
3198400 28.1404 28
3198500 28.1758 28
3198600 28.1592 28
3198700 28.2209 28
3198800 28.2686 28
3198900 27.9279 28
3199000 27.6796 28
3199100 27.7996 28
3199200 27.8832 28
3199300 27.86 28
3199400 27.7118 28
3199500 27.4049 28
3199600 27.0454 28
3199700 26.6861 28
3199800 26.417 28
3199900 26.6048 28
3200000 27.3345 28
3200100 27.9929 28
3200200 28.4336 28
3200300 28.6837 28
3200400 28.6787 28
3200500 28.6506 28
3200600 28.4694 28
3200700 28.334 28
3200800 28.2672 28
3200900 28.3528 28
3201000 28.7441 28
3201100 28.9605 28
3201200 28.8645 28
3201300 28.9332 28
3201400 29.0056 28
3201500 28.8767 28
3201600 28.6033 28
3201700 28.5233 28
3201800 28.4151 28
3201900 28.0616 28
3202000 27.9033 28
3202100 28.2473 28
3202200 28.4413 28
3202300 28.3452 28
3202400 28.5911 28
3202500 28.6916 28
3202600 28.6488 28
3202700 28.5405 28
3202800 28.4188 28
3202900 28.4269 28
3203000 28.4997 28
3203100 28.4846 28
3203200 28.3994 28
3203300 28.0839 28
3203400 27.8566 28
3203500 27.4548 28
3203600 26.8088 28
3203700 26.3585 28
3203800 26.2938 28
3203900 26.4418 28
3204000 26.6513 28
3204100 26.88 28
3204200 27.2497 28
3204300 27.8256 28
3204400 28.1452 28
3204500 28.4158 28
3204600 28.6147 28
3204700 28.5058 28
3204800 28.2553 28
3204900 28.2516 28
3205000 28.1973 28
3205100 28.0788 28
3205200 27.882 28
3205300 27.8262 28
3205400 27.8594 28
3205500 28.0711 28
3205600 28.3565 28
3205700 28.3798 28
3205800 28.3159 28
3205900 28.2374 28
3206000 27.9958 28
3206100 27.8127 28
3206200 27.7165 28
3206300 27.692 28
3206400 27.6197 28
3206500 27.4776 28
3206600 27.3613 28
3206700 27.3796 28
3206800 27.5199 28
3206900 27.7282 28
3207000 27.9852 28
3207100 28.3317 28
3207200 28.5955 28
3207300 28.5788 28
3207400 28.465 28
3207500 28.2327 28
3207600 27.8581 28
3207700 27.7168 28
3207800 27.9616 28
3207900 28.2218 28
3208000 28.273 28
3208100 28.1592 28
3208200 27.9377 28
3208300 27.7079 28
3208400 27.5189 28
3208500 27.2436 28
3208600 26.9134 28
3208700 26.7217 28
3208800 26.5255 28
3208900 26.6415 28
3209000 27.1223 28
3209100 27.8274 28
3209200 28.4441 28
3209300 28.891 28
3209400 28.8949 28
3209500 28.8679 28
3209600 28.7804 28
3209700 28.4354 28
3209800 28.1492 28
3209900 28.1019 28
3210000 28.3904 28
3210100 28.5466 28
3210200 28.3299 28
3210300 28.1509 28
3210400 27.8431 28
3210500 27.7293 28
3210600 27.6803 28
3210700 27.8833 28
3210800 27.911 28
3210900 27.7819 28
3211000 27.7858 28
3211100 27.7728 28
3211200 27.6874 28
3211300 27.6529 28
3211400 27.6427 28
3211500 27.5261 28
3211600 27.2791 28
3211700 27.1572 28
3211800 26.932 28
3211900 26.6949 28
3212000 26.5482 28
3212100 26.7191 28
3212200 27.0287 28
3212300 27.5566 28
3212400 27.6322 28
3212500 27.5372 28
3212600 28.0479 28
3212700 28.5663 28
3212800 28.6616 28
3212900 28.5877 28
3213000 28.5176 28
3213100 28.3788 28
3213200 28.316 28
3213300 28.0923 28
3213400 27.8274 28
3213500 27.7683 28
3213600 27.6521 28
3213700 27.5609 28
3213800 27.3502 28
3213900 26.9771 28
3214000 27.0158 28
3214100 27.2012 28
3214200 27.4522 28
3214300 28.0141 28
3214400 28.2259 28
3214500 28.2582 28
3214600 28.246 28
3214700 28.0569 28
3214800 27.9653 28
3214900 27.8171 28
3215000 27.5929 28
3215100 27.5179 28
3215200 27.401 28
3215300 27.1738 28
3215400 27.1966 28
3215500 27.3614 28
3215600 27.571 28
3215700 27.7345 28
3215800 28.0674 28
3215900 28.3847 28
3216000 28.2436 28
3216100 28.0085 28
3216200 27.8242 28
3216300 27.5834 28
3216400 27.199 28
3216500 26.7089 28
3216600 26.7041 28
3216700 26.9814 28
3216800 27.4042 28
3216900 27.511 28
3217000 27.4059 28
3217100 27.4849 28
3217200 27.823 28
3217300 28.2447 28
3217400 28.6687 28
3217500 28.8233 28
3217600 28.8155 28
3217700 28.7091 28
3217800 28.5529 28
3217900 28.2869 28
3218000 28.02 28
3218100 27.8236 28
3218200 27.6729 28
3218300 27.613 28
3218400 27.6629 28
3218500 27.8967 28
3218600 28.1098 28
3218700 28.0684 28
3218800 28.1706 28
3218900 28.1644 28
3219000 28.0855 28
3219100 27.8069 28
3219200 27.4478 28
3219300 27.3279 28
3219400 27.3797 28
3219500 27.3943 28
3219600 27.3712 28
3219700 27.2462 28
3219800 27.1995 28
3219900 27.096 28
3220000 26.8276 28
3220100 26.7704 28
3220200 26.738 28
3220300 27.0327 28
3220400 27.4233 28
3220500 27.4607 28
3220600 27.3912 28
3220700 27.5541 28
3220800 27.7772 28
3220900 27.897 28
3221000 27.9154 28
3221100 27.7416 28
3221200 27.7464 28
3221300 27.8929 28
3221400 28.0962 28
3221500 28.3315 28
3221600 28.6595 28
3221700 28.9029 28
3221800 29.2309 28
3221900 29.4721 28
3222000 29.5444 28
3222100 29.7708 28
3222200 29.8522 28
3222300 29.5293 28
3222400 28.8783 28
3222500 28.1957 28
3222600 27.6356 28
3222700 27.4544 28
3222800 27.5978 28
3222900 28.0439 28
3223000 28.4265 28
3223100 28.5252 28
3223200 28.5533 28
3223300 28.5475 28
3223400 28.4598 28
3223500 28.1968 28
3223600 27.8206 28
3223700 27.6409 28
3223800 27.5424 28
3223900 27.5254 28
3224000 27.5997 28
3224100 27.7443 28
3224200 27.9042 28
3224300 27.9801 28
3224400 27.9717 28
3224500 27.702 28
3224600 27.1243 28
3224700 26.8823 28
3224800 27.1454 28
3224900 27.5759 28
3225000 27.8822 28
3225100 28.2374 28
3225200 28.493 28
3225300 28.5704 28
3225400 28.5067 28
3225500 28.1478 28
3225600 27.8523 28
3225700 27.8272 28
3225800 27.8476 28
3225900 27.9358 28
3226000 28.1761 28
3226100 28.3827 28
3226200 28.4357 28
3226300 28.2376 28
3226400 27.9071 28
3226500 27.4047 28
3226600 26.9274 28
3226700 26.8003 28
3226800 27.1039 28
3226900 27.8155 28
3227000 28.5808 28
3227100 28.9518 28
3227200 28.8255 28
3227300 28.8294 28
3227400 28.762 28
3227500 28.265 28
3227600 27.7689 28
3227700 27.3405 28
3227800 27.2047 28
3227900 26.9196 28
3228000 26.6089 28
3228100 26.4536 28
3228200 26.7558 28
3228300 27.4228 28
3228400 28.2048 28
3228500 28.9783 28
3228600 29.4475 28
3228700 29.4126 28
3228800 29.0742 28
3228900 28.8385 28
3229000 28.8353 28
3229100 29.0447 28
3229200 29.0444 28
3229300 28.7962 28
3229400 28.4967 28
3229500 28.1385 28
3229600 27.9014 28
3229700 27.712 28
3229800 27.5703 28
3229900 27.4576 28
3230000 27.3669 28
3230100 27.7365 28
3230200 28.1638 28
3230300 28.6141 28
3230400 29.0141 28
3230500 29.3943 28
3230600 29.2646 28
3230700 28.5772 28
3230800 27.908 28
3230900 27.8336 28
3231000 27.9975 28
3231100 28.3141 28
3231200 28.7419 28
3231300 29.1237 28
3231400 29.4754 28
3231500 29.2519 28
3231600 28.6487 28
3231700 28.2364 28
3231800 28.0026 28
3231900 27.9584 28
3232000 28.0903 28
3232100 28.0708 28
3232200 28.1142 28
3232300 28.3275 28
3232400 28.5636 28
3232500 28.7 28
3232600 28.6462 28
3232700 28.4248 28
3232800 27.9983 28
3232900 27.6365 28
3233000 27.4948 28
3233100 27.5178 28
3233200 27.4019 28
3233300 27.0761 28
3233400 26.9078 28
3233500 27.0178 28
3233600 27.3639 28
3233700 27.7801 28
3233800 27.9392 28
3233900 27.8768 28
3234000 27.5944 28
3234100 27.3897 28
3234200 27.4035 28
3234300 27.7662 28
3234400 28.1939 28
3234500 28.6991 28
3234600 29.1574 28
3234700 29.3418 28
3234800 29.3163 28
3234900 29.3422 28
3235000 29.487 28
3235100 29.3668 28
3235200 29.104 28
3235300 28.5525 28
3235400 28.0631 28
3235500 27.4471 28
3235600 27.0729 28
3235700 26.939 28
3235800 27.1516 28
3235900 27.7465 28
3236000 28.1723 28
3236100 28.1702 28
3236200 28.0202 28
3236300 27.7253 28
3236400 27.3754 28
3236500 26.946 28
3236600 26.8337 28
3236700 26.8373 28
3236800 26.9126 28
3236900 27.1012 28
3237000 27.2413 28
3237100 27.2062 28
3237200 27.1549 28
3237300 27.2908 28
3237400 27.5624 28
3237500 27.8216 28
3237600 28.0484 28
3237700 28.2394 28
3237800 28.3837 28
3237900 28.589 28
3238000 28.8914 28
3238100 29.1833 28
3238200 28.9795 28
3238300 28.7132 28
3238400 28.7037 28
3238500 28.5674 28
3238600 28.2848 28
3238700 28.0281 28
3238800 27.6796 28
3238900 27.4028 28
3239000 27.2503 28
3239100 27.1862 28
3239200 27.4069 28
3239300 27.5685 28
3239400 27.4446 28
3239500 27.4481 28
3239600 27.7603 28
3239700 28.1893 28
3239800 28.7062 28
3239900 29.0705 28
3240000 28.8528 28
3240100 28.5952 28
3240200 28.161 28
3240300 27.7148 28
3240400 27.1957 28
3240500 26.7598 28
3240600 26.5575 28
3240700 26.6387 28
3240800 26.8624 28
3240900 26.9662 28
3241000 27.1136 28
3241100 27.5221 28
3241200 28.039 28
3241300 28.5215 28
3241400 28.6758 28
3241500 28.514 28
3241600 28.3362 28
3241700 28.019 28
3241800 27.8401 28
3241900 27.7846 28
3242000 27.7169 28
3242100 27.6934 28
3242200 27.7611 28
3242300 28.1791 28
3242400 28.5368 28
3242500 28.5169 28
3242600 28.1233 28
3242700 27.7224 28
3242800 27.6253 28
3242900 27.9016 28
3243000 28.3174 28
3243100 28.6449 28
3243200 28.6388 28
3243300 28.4731 28
3243400 28.3549 28
3243500 28.3958 28
3243600 28.35 28
3243700 27.9742 28
3243800 27.6308 28
3243900 27.5647 28
3244000 27.5706 28
3244100 27.5719 28
3244200 27.5922 28
3244300 27.7703 28
3244400 28.0878 28
3244500 28.0842 28
3244600 27.8827 28
3244700 27.846 28
3244800 27.8897 28
3244900 27.8223 28
3245000 27.8456 28
3245100 28.1876 28
3245200 28.6229 28
3245300 28.8819 28
3245400 29.1452 28
3245500 29.0551 28
3245600 29.1849 28
3245700 29.2588 28
3245800 29.0802 28
3245900 28.5114 28
3246000 27.9343 28
3246100 27.352 28
3246200 27.1478 28
3246300 27.3615 28
3246400 27.567 28
3246500 27.6322 28
3246600 27.6674 28
3246700 27.6808 28
3246800 27.9606 28
3246900 28.0021 28
3247000 27.9597 28
3247100 27.758 28
3247200 27.4373 28
3247300 26.8371 28
3247400 26.6755 28
3247500 26.8395 28
3247600 27.0627 28
3247700 27.711 28
3247800 28.6316 28
3247900 29.1756 28
3248000 29.1393 28
3248100 28.8494 28
3248200 28.5186 28
3248300 27.9436 28
3248400 27.3854 28
3248500 27.2493 28
3248600 27.1075 28
3248700 27.0259 28
3248800 27.1332 28
3248900 27.2625 28
3249000 27.391 28
3249100 27.4601 28
3249200 27.8131 28
3249300 28.3273 28
3249400 29.0759 28
3249500 29.8046 28
3249600 30.1035 28
3249700 29.7627 28
3249800 29.1588 28
3249900 28.689 28
3250000 28.3835 28
3250100 28.0154 28
3250200 27.7479 28
3250300 27.5401 28
3250400 27.1507 28
3250500 26.9268 28
3250600 26.907 28
3250700 27.0719 28
3250800 27.3001 28
3250900 27.2477 28
3251000 27.2852 28
3251100 27.5298 28
3251200 27.9308 28
3251300 28.2948 28
3251400 28.5641 28
3251500 28.6957 28
3251600 28.6811 28
3251700 28.3793 28
3251800 27.9415 28
3251900 27.7629 28
3252000 27.6418 28
3252100 27.6479 28
3252200 27.8548 28
3252300 28.1807 28
3252400 28.6114 28
3252500 28.7849 28
3252600 28.937 28
3252700 29.1959 28
3252800 28.7873 28
3252900 28.3023 28
3253000 27.9711 28
3253100 27.9666 28
3253200 28.129 28
3253300 28.0801 28
3253400 28.24 28
3253500 28.3828 28
3253600 28.2315 28
3253700 28.0895 28
3253800 28.1048 28
3253900 28.2564 28
3254000 28.371 28
3254100 28.3692 28
3254200 28.2558 28
3254300 28.0128 28
3254400 28.0401 28
3254500 28.1734 28
3254600 28.5233 28
3254700 28.525 28
3254800 28.4393 28
3254900 28.4749 28
3255000 28.2631 28
3255100 27.6955 28
3255200 27.1456 28
3255300 27.0032 28
3255400 27.0035 28
3255500 27.0423 28
3255600 26.9104 28
3255700 26.7844 28
3255800 26.8003 28
3255900 26.968 28
3256000 27.2733 28
3256100 27.8696 28
3256200 28.2583 28
3256300 28.5634 28
3256400 28.9132 28
3256500 29.0708 28
3256600 28.9652 28
3256700 28.5503 28
3256800 28.0164 28
3256900 27.6434 28
3257000 27.2651 28
3257100 27.3075 28
3257200 27.7487 28
3257300 28.3486 28
3257400 28.8928 28
3257500 29.0437 28
3257600 29.157 28
3257700 29.2736 28
3257800 29.5309 28
3257900 29.7489 28
3258000 29.429 28
3258100 29.266 28
3258200 29.0977 28
3258300 29.0819 28
3258400 29.1783 28
3258500 28.9655 28
3258600 28.6126 28
3258700 28.2162 28
3258800 27.8689 28
3258900 27.7125 28
3259000 27.712 28
3259100 27.8297 28
3259200 27.9698 28
3259300 28.2026 28
3259400 28.7079 28
3259500 28.7864 28
3259600 28.8616 28
3259700 28.9939 28
3259800 29.2292 28
3259900 29.3726 28
3260000 29.211 28
3260100 28.695 28
3260200 28.2827 28
3260300 27.9653 28
3260400 27.7053 28
3260500 27.4812 28
3260600 27.4028 28
3260700 27.421 28
3260800 27.1855 28
3260900 27.3337 28
3261000 27.7963 28
3261100 28.0441 28
3261200 28.3811 28
3261300 28.6816 28
3261400 28.88 28
3261500 28.6031 28
3261600 27.9689 28
3261700 27.4279 28
3261800 26.8188 28
3261900 26.3054 28
3262000 26.4008 28
3262100 27.0623 28
3262200 27.7566 28
3262300 28.222 28
3262400 28.2737 28
3262500 27.9889 28
3262600 27.6239 28
3262700 27.3293 28
3262800 27.1242 28
3262900 27.0844 28
3263000 27.2022 28
3263100 27.3971 28
3263200 27.8379 28
3263300 28.3308 28
3263400 28.6831 28
3263500 29.0164 28
3263600 29.0504 28
3263700 28.8232 28
3263800 28.4519 28
3263900 27.9557 28
3264000 27.4341 28
3264100 27.1589 28
3264200 27.2337 28
3264300 27.4191 28
3264400 27.3695 28
3264500 27.2552 28
3264600 27.3022 28
3264700 27.6483 28
3264800 28.2223 28
3264900 28.8491 28
3265000 29.3978 28
3265100 29.6002 28
3265200 29.5449 28
3265300 29.0533 28
3265400 28.5251 28
3265500 28.2781 28
3265600 28.2082 28
3265700 28.2874 28
3265800 28.3078 28
3265900 28.29 28
3266000 28.3443 28
3266100 28.2774 28
3266200 28.18 28
3266300 28.1995 28
3266400 28.1717 28
3266500 27.9025 28
3266600 27.8645 28
3266700 27.9223 28
3266800 28.0285 28
3266900 28.5233 28
3267000 28.8746 28
3267100 29.0843 28
3267200 29.1112 28
3267300 29.0132 28
3267400 28.6681 28
3267500 28.3476 28
3267600 28.2689 28
3267700 28.2456 28
3267800 28.3865 28
3267900 28.489 28
3268000 28.5097 28
3268100 28.5006 28
3268200 28.3536 28
3268300 28.221 28
3268400 28.1805 28
3268500 27.9442 28
3268600 27.543 28
3268700 27.3051 28
3268800 27.5794 28
3268900 28.1127 28
3269000 28.3971 28
3269100 28.803 28
3269200 29.0617 28
3269300 28.9388 28
3269400 28.775 28
3269500 28.2453 28
3269600 27.6029 28
3269700 27.1978 28
3269800 27.1238 28
3269900 27.2213 28
3270000 27.4445 28
3270100 27.5714 28
3270200 27.4136 28
3270300 27.3836 28
3270400 27.4535 28
3270500 27.456 28
3270600 27.5937 28
3270700 27.9878 28
3270800 28.3645 28
3270900 28.7671 28
3271000 29.1976 28
3271100 29.3379 28
3271200 29.2456 28
3271300 29.1707 28
3271400 28.9841 28
3271500 28.6222 28
3271600 28.4412 28
3271700 28.3671 28
3271800 28.3954 28
3271900 28.2371 28
3272000 27.9311 28
3272100 27.6953 28
3272200 27.23 28
3272300 26.9584 28
3272400 27.2079 28
3272500 27.7444 28
3272600 28.1276 28
3272700 28.125 28
3272800 28.1352 28
3272900 28.2097 28
3273000 28.2012 28
3273100 28.0857 28
3273200 27.8815 28
3273300 27.5248 28
3273400 27.3764 28
3273500 27.2942 28
3273600 27.4036 28
3273700 27.7471 28
3273800 27.9228 28
3273900 28.0507 28
3274000 28.2494 28
3274100 28.4999 28
3274200 28.7441 28
3274300 29.1667 28
3274400 29.1401 28
3274500 28.9539 28
3274600 28.8524 28
3274700 28.5041 28
3274800 28.1239 28
3274900 27.9007 28
3275000 28.0024 28
3275100 28.2375 28
3275200 28.3605 28
3275300 28.0601 28
3275400 27.6933 28
3275500 27.4919 28
3275600 27.2593 28
3275700 27.432 28
3275800 28.2726 28
3275900 28.8836 28
3276000 28.8978 28
3276100 28.7821 28
3276200 28.5141 28
3276300 28.4494 28
3276400 28.5998 28
3276500 28.7323 28
3276600 28.4057 28
3276700 27.9205 28
3276800 27.5803 28
3276900 27.3235 28
3277000 27.0691 28
3277100 27.1171 28
3277200 27.703 28
3277300 28.1918 28
3277400 28.6419 28
3277500 28.9352 28
3277600 29.2327 28
3277700 29.4085 28
3277800 29.5546 28
3277900 29.7338 28
3278000 29.5695 28
3278100 29.1649 28
3278200 28.8757 28
3278300 28.6947 28
3278400 28.2482 28
3278500 27.5556 28
3278600 26.7998 28
3278700 26.4624 28
3278800 26.5702 28
3278900 26.7383 28
3279000 27.1421 28
3279100 27.7134 28
3279200 28.0525 28
3279300 28.39 28
3279400 28.5919 28
3279500 28.7475 28
3279600 28.7026 28
3279700 28.5364 28
3279800 28.4597 28
3279900 28.2854 28
3280000 27.9897 28
3280100 27.9722 28
3280200 28.2192 28
3280300 28.4207 28
3280400 28.6956 28
3280500 28.8285 28
3280600 28.9022 28
3280700 28.8579 28
3280800 28.9874 28
3280900 29.0422 28
3281000 28.9436 28
3281100 28.5501 28
3281200 28.1903 28
3281300 27.9588 28
3281400 27.605 28
3281500 27.7336 28
3281600 27.8502 28
3281700 27.9926 28
3281800 28.093 28
3281900 28.3222 28
3282000 28.5932 28
3282100 28.8595 28
3282200 28.9427 28
3282300 28.8573 28
3282400 28.5416 28
3282500 28.3613 28
3282600 28.3855 28
3282700 28.4229 28
3282800 28.5591 28
3282900 28.4573 28
3283000 28.2699 28
3283100 27.7625 28
3283200 27.1915 28
3283300 27.2201 28
3283400 27.5175 28
3283500 27.8107 28
3283600 28.2688 28
3283700 28.4882 28
3283800 28.7469 28
3283900 28.9147 28
3284000 28.8785 28
3284100 28.4485 28
3284200 27.8154 28
3284300 27.3368 28
3284400 27.214 28
3284500 27.2709 28
3284600 27.5482 28
3284700 27.9231 28
3284800 28.0688 28
3284900 28.0224 28
3285000 27.9139 28
3285100 27.9687 28
3285200 28.0952 28
3285300 28.4295 28
3285400 28.7153 28
3285500 29.0105 28
3285600 28.8109 28
3285700 28.2922 28
3285800 27.843 28
3285900 27.4939 28
3286000 27.4557 28
3286100 27.5379 28
3286200 27.4876 28
3286300 27.4811 28
3286400 27.6845 28
3286500 28.0295 28
3286600 28.198 28
3286700 28.0909 28
3286800 27.7288 28
3286900 27.2385 28
3287000 26.84 28
3287100 26.741 28
3287200 26.8593 28
3287300 27.0637 28
3287400 27.4339 28
3287500 27.773 28
3287600 27.8396 28
3287700 27.805 28
3287800 27.4917 28
3287900 27.1759 28
3288000 26.9966 28
3288100 26.9092 28
3288200 27.0377 28
3288300 27.4604 28
3288400 28.0411 28
3288500 28.6667 28
3288600 28.8059 28
3288700 28.6556 28
3288800 28.4091 28
3288900 28.2545 28
3289000 28.2366 28
3289100 28.1247 28
3289200 28.1637 28
3289300 27.8311 28
3289400 27.6029 28
3289500 27.8278 28
3289600 28.1465 28
3289700 28.5137 28
3289800 28.7836 28
3289900 28.8919 28
3290000 28.8641 28
3290100 28.654 28
3290200 28.5501 28
3290300 28.5623 28
3290400 28.4485 28
3290500 28.2508 28
3290600 27.9192 28
3290700 27.7755 28
3290800 27.8547 28
3290900 27.9788 28
3291000 28.0578 28
3291100 28.101 28
3291200 28.2794 28
3291300 28.2168 28
3291400 28.1673 28
3291500 28.1517 28
3291600 27.9648 28
3291700 27.9946 28
3291800 28.113 28
3291900 28.1807 28
3292000 28.3563 28
3292100 28.3371 28
3292200 28.1367 28
3292300 27.8091 28
3292400 27.5993 28
3292500 27.5803 28
3292600 27.4597 28
3292700 27.2865 28
3292800 27.1306 28
3292900 26.9589 28
3293000 26.9827 28
3293100 27.2877 28
3293200 27.3999 28
3293300 27.1685 28
3293400 27.3197 28
3293500 27.5721 28
3293600 27.6455 28
3293700 27.1976 28
3293800 26.9375 28
3293900 27.0606 28
3294000 27.2035 28
3294100 27.4845 28
3294200 27.8893 28
3294300 28.1257 28
3294400 28.335 28
3294500 28.5786 28
3294600 28.6297 28
3294700 28.4406 28
3294800 28.1715 28
3294900 27.6173 28
3295000 27.077 28
3295100 26.632 28
3295200 26.5872 28
3295300 26.7189 28
3295400 26.8783 28
3295500 27.1946 28
3295600 27.6942 28
3295700 28.0969 28
3295800 28.297 28
3295900 27.996 28
3296000 27.8215 28
3296100 28.002 28
3296200 28.1996 28
3296300 28.2171 28
3296400 28.1495 28
3296500 28.1218 28
3296600 28.0087 28
3296700 27.8604 28
3296800 27.6388 28
3296900 27.4977 28
3297000 27.7349 28
3297100 27.7447 28
3297200 27.4925 28
3297300 27.159 28
3297400 27.0696 28
3297500 27.1568 28
3297600 27.4088 28
3297700 27.6096 28
3297800 27.9948 28
3297900 28.3659 28
3298000 28.361 28
3298100 28.2482 28
3298200 28.3608 28
3298300 28.5068 28
3298400 28.6794 28
3298500 28.7022 28
3298600 28.6176 28
3298700 28.3948 28
3298800 27.9415 28
3298900 27.4668 28
3299000 27.3127 28
3299100 27.2658 28
3299200 26.9749 28
3299300 26.5151 28
3299400 26.2158 28
3299500 26.0833 28
3299600 26.2152 28
3299700 26.7135 28
3299800 27.1914 28
3299900 27.4401 28
3300000 27.6645 28
3300100 28.0267 28
3300200 28.1991 28
3300300 28.4521 28
3300400 28.6122 28
3300500 28.7063 28
3300600 28.4186 28
3300700 28.3056 28
3300800 28.2804 28
3300900 27.9109 28
3301000 27.3551 28
3301100 27.1875 28
3301200 27.3426 28
3301300 27.6599 28
3301400 27.8176 28
3301500 27.8232 28
3301600 27.939 28
3301700 28.1592 28
3301800 27.9792 28
3301900 27.8075 28
3302000 28.1452 28
3302100 28.8612 28
3302200 29.5435 28
3302300 29.6709 28
3302400 29.5544 28
3302500 29.3364 28
3302600 29.1938 28
3302700 29.0997 28
3302800 28.9587 28
3302900 28.7284 28
3303000 28.3934 28
3303100 28.1031 28
3303200 27.7577 28
3303300 27.6102 28
3303400 27.4325 28
3303500 27.2895 28
3303600 27.2522 28
3303700 27.0873 28
3303800 26.9392 28
3303900 26.9812 28
3304000 27.0931 28
3304100 27.1786 28
3304200 27.3114 28
3304300 27.2373 28
3304400 27.2125 28
3304500 27.0707 28
3304600 26.9758 28
3304700 27.1914 28
3304800 27.8903 28
3304900 28.7404 28
3305000 29.2135 28
3305100 29.4552 28
3305200 29.1048 28
3305300 28.7717 28
3305400 28.4851 28
3305500 28.1577 28
3305600 27.6462 28
3305700 27.1735 28
3305800 26.8301 28
3305900 26.6425 28
3306000 26.7025 28
3306100 26.844 28
3306200 26.8219 28
3306300 26.8018 28
3306400 26.9276 28
3306500 27.0863 28
3306600 27.5411 28
3306700 28.4304 28
3306800 29.0399 28
3306900 29.2428 28
3307000 29.2172 28
3307100 29.069 28
3307200 28.7216 28
3307300 28.5048 28
3307400 28.4829 28
3307500 28.1553 28
3307600 27.7156 28
3307700 27.497 28
3307800 27.5915 28
3307900 27.7114 28
3308000 27.7256 28
3308100 27.8891 28
3308200 27.9436 28
3308300 27.6913 28
3308400 27.2979 28
3308500 26.9744 28
3308600 26.6808 28
3308700 26.663 28
3308800 26.702 28
3308900 26.7723 28
3309000 26.9236 28
3309100 26.9476 28
3309200 27.2439 28
3309300 27.5603 28
3309400 27.8124 28
3309500 28.2026 28
3309600 28.936 28
3309700 29.4301 28
3309800 29.5505 28
3309900 29.162 28
3310000 28.355 28
3310100 27.7061 28
3310200 27.4493 28
3310300 27.4282 28
3310400 27.4097 28
3310500 27.3804 28
3310600 27.3069 28
3310700 27.191 28
3310800 27.3206 28
3310900 27.6517 28
3311000 27.8584 28
3311100 27.9106 28
3311200 27.7371 28
3311300 27.5648 28
3311400 27.7835 28
3311500 28.2612 28
3311600 28.6242 28
3311700 28.6868 28
3311800 28.4172 28
3311900 28.0509 28
3312000 27.975 28
3312100 27.9645 28
3312200 28.1757 28
3312300 28.1962 28
3312400 28.0296 28
3312500 27.8133 28
3312600 27.8688 28
3312700 27.7889 28
3312800 28.0169 28
3312900 28.3575 28
3313000 28.7477 28
3313100 29.029 28
3313200 28.8286 28
3313300 28.4057 28
3313400 28.0756 28
3313500 27.9394 28
3313600 28.2035 28
3313700 28.3342 28
3313800 28.3162 28
3313900 28.3083 28
3314000 28.2782 28
3314100 28.0977 28
3314200 28.1311 28
3314300 28.3701 28
3314400 28.3051 28
3314500 27.8509 28
3314600 27.6789 28
3314700 27.7083 28
3314800 28.1608 28
3314900 28.6505 28
3315000 28.9144 28
3315100 28.9835 28
3315200 28.7255 28
3315300 28.1931 28
3315400 27.7081 28
3315500 27.0573 28
3315600 26.4811 28
3315700 26.6117 28
3315800 27.0452 28
3315900 27.6409 28
3316000 28.0949 28
3316100 28.0445 28
3316200 27.7285 28
3316300 27.4065 28
3316400 27.4315 28
3316500 27.505 28
3316600 27.618 28
3316700 27.5859 28
3316800 27.5454 28
3316900 27.5677 28
3317000 27.3519 28
3317100 27.1043 28
3317200 27.01 28
3317300 26.968 28
3317400 27.1561 28
3317500 27.4061 28
3317600 27.4856 28
3317700 27.5282 28
3317800 27.863 28
3317900 28.3773 28
3318000 28.9132 28
3318100 29.3129 28
3318200 29.5615 28
3318300 29.5328 28
3318400 29.5577 28
3318500 29.5886 28
3318600 29.5625 28
3318700 29.2672 28
3318800 28.9304 28
3318900 28.4654 28
3319000 27.9547 28
3319100 27.5715 28
3319200 26.9477 28
3319300 26.3581 28
3319400 26.3962 28
3319500 26.7527 28
3319600 27.1283 28
3319700 27.7233 28
3319800 28.5562 28
3319900 29.2279 28
3320000 29.8518 28
3320100 30.2436 28
3320200 29.9973 28
3320300 29.4717 28
3320400 28.7566 28
3320500 27.952 28
3320600 27.5654 28
3320700 27.4594 28
3320800 27.3874 28
3320900 27.4142 28
3321000 28.1014 28
3321100 28.8881 28
3321200 29.2186 28
3321300 29.1756 28
3321400 29.0476 28
3321500 28.732 28
3321600 28.335 28
3321700 28.4082 28
3321800 28.5574 28
3321900 28.3737 28
3322000 28.3209 28
3322100 28.0927 28
3322200 27.4431 28
3322300 26.8233 28
3322400 26.522 28
3322500 26.7459 28
3322600 27.2261 28
3322700 27.7821 28
3322800 28.2914 28
3322900 28.6263 28
3323000 28.6627 28
3323100 28.6178 28
3323200 28.6452 28
3323300 28.4751 28
3323400 28.2024 28
3323500 27.8969 28
3323600 27.9401 28
3323700 28.1128 28
3323800 28.3964 28
3323900 28.7349 28
3324000 28.7693 28
3324100 28.3522 28
3324200 27.9187 28
3324300 27.9276 28
3324400 28.0337 28
3324500 27.9957 28
3324600 27.813 28
3324700 27.7091 28
3324800 27.7888 28
3324900 27.705 28
3325000 27.6744 28
3325100 27.5103 28
3325200 27.2116 28
3325300 27.2268 28
3325400 27.5793 28
3325500 27.9567 28
3325600 28.0742 28
3325700 27.6506 28
3325800 27.3657 28
3325900 27.4187 28
3326000 27.6034 28
3326100 27.7265 28
3326200 27.9725 28
3326300 28.2615 28
3326400 28.2789 28
3326500 28.0831 28
3326600 27.5933 28
3326700 27.2146 28
3326800 27.1905 28
3326900 27.4306 28
3327000 27.8942 28
3327100 28.5004 28
3327200 28.826 28
3327300 28.8213 28
3327400 28.7058 28
3327500 28.577 28
3327600 28.4861 28
3327700 28.5013 28
3327800 28.731 28
3327900 28.8194 28
3328000 28.4286 28
3328100 28.1191 28
3328200 27.7459 28
3328300 27.4207 28
3328400 27.1225 28
3328500 27.2233 28
3328600 27.5316 28
3328700 27.8632 28
3328800 28.2414 28
3328900 28.5234 28
3329000 28.9908 28
3329100 29.1279 28
3329200 29.1133 28
3329300 28.9068 28
3329400 28.6651 28
3329500 28.2437 28
3329600 27.9614 28
3329700 27.6303 28
3329800 27.1523 28
3329900 27.1472 28
3330000 27.3195 28
3330100 27.7173 28
3330200 28.3348 28
3330300 28.7664 28
3330400 28.8572 28
3330500 28.7063 28
3330600 28.1774 28
3330700 27.4145 28
3330800 26.9469 28
3330900 26.8802 28
3331000 27.068 28
3331100 27.0722 28
3331200 26.9246 28
3331300 27.2897 28
3331400 27.6922 28
3331500 28.1139 28
3331600 28.3371 28
3331700 28.4181 28
3331800 28.4872 28
3331900 28.6063 28
3332000 28.5914 28
3332100 28.6875 28
3332200 29.0142 28
3332300 29.1414 28
3332400 28.989 28
3332500 28.7087 28
3332600 28.488 28
3332700 28.3708 28
3332800 28.4454 28
3332900 28.3326 28
3333000 28.2549 28
3333100 28.5365 28
3333200 28.6801 28
3333300 28.775 28
3333400 28.7284 28
3333500 28.5156 28
3333600 28.3697 28
3333700 28.5499 28
3333800 28.8586 28
3333900 29.0686 28
3334000 29.147 28
3334100 29.0594 28
3334200 28.6173 28
3334300 27.9821 28
3334400 27.8333 28
3334500 27.8939 28
3334600 28.1504 28
3334700 28.2576 28
3334800 28.26 28
3334900 28.1336 28
3335000 28.1113 28
3335100 28.2597 28
3335200 28.0438 28
3335300 27.8019 28
3335400 27.5276 28
3335500 27.4503 28
3335600 27.7509 28
3335700 28.0955 28
3335800 28.5009 28
3335900 28.7063 28
3336000 28.751 28
3336100 28.8103 28
3336200 28.7706 28
3336300 28.5131 28
3336400 28.1204 28
3336500 27.7818 28
3336600 27.4124 28
3336700 27.4121 28
3336800 27.4483 28
3336900 27.5259 28
3337000 27.8012 28
3337100 28.0876 28
3337200 28.2108 28
3337300 28.3391 28
3337400 28.4837 28
3337500 28.492 28
3337600 28.5352 28
3337700 28.4893 28
3337800 28.3945 28
3337900 28.2924 28
3338000 28.0359 28
3338100 27.661 28
3338200 27.5538 28
3338300 27.3484 28
3338400 27.101 28
3338500 26.8495 28
3338600 26.6668 28
3338700 26.5456 28
3338800 26.8169 28
3338900 27.211 28
3339000 27.7407 28
3339100 28.2628 28
3339200 28.568 28
3339300 28.654 28
3339400 28.7541 28
3339500 28.8395 28
3339600 28.8006 28
3339700 28.6619 28
3339800 28.6312 28
3339900 28.5662 28
3340000 28.3829 28
3340100 28.1091 28
3340200 27.6207 28
3340300 27.0548 28
3340400 26.8419 28
3340500 26.8359 28
3340600 27.0266 28
3340700 27.4771 28
3340800 27.9795 28
3340900 28.3793 28
3341000 28.7048 28
3341100 28.9441 28
3341200 29.0149 28
3341300 28.6904 28
3341400 27.9523 28
3341500 27.5018 28
3341600 27.4869 28
3341700 27.3704 28
3341800 27.4061 28
3341900 27.4337 28
3342000 27.645 28
3342100 28.0265 28
3342200 28.3243 28
3342300 28.5434 28
3342400 28.6043 28
3342500 28.6103 28
3342600 28.5256 28
3342700 28.2828 28
3342800 28.0731 28
3342900 27.8845 28
3343000 27.8425 28
3343100 28.043 28
3343200 28.3317 28
3343300 28.4772 28
3343400 28.6313 28
3343500 28.7083 28
3343600 28.5984 28
3343700 28.4598 28
3343800 28.4016 28
3343900 28.4102 28
3344000 28.5243 28
3344100 28.4086 28
3344200 28.705 28
3344300 28.9244 28
3344400 29.0717 28
3344500 29.1166 28
3344600 29.0426 28
3344700 28.8465 28
3344800 28.3042 28
3344900 27.7094 28
3345000 27.0038 28
3345100 26.3893 28
3345200 26.1008 28
3345300 26.3116 28
3345400 26.7369 28
3345500 27.3971 28
3345600 27.8408 28
3345700 28.1015 28
3345800 28.5077 28
3345900 28.9472 28
3346000 28.8844 28
3346100 28.6842 28
3346200 28.6473 28
3346300 28.5028 28
3346400 28.1303 28
3346500 27.7798 28
3346600 27.5662 28
3346700 27.3087 28
3346800 27.3227 28
3346900 27.3825 28
3347000 27.2383 28
3347100 27.3011 28
3347200 27.5994 28
3347300 27.77 28
3347400 27.811 28
3347500 27.9538 28
3347600 27.8104 28
3347700 27.5968 28
3347800 27.229 28
3347900 27.005 28
3348000 27.0871 28
3348100 27.2447 28
3348200 27.3443 28
3348300 27.104 28
3348400 26.9341 28
3348500 26.6944 28
3348600 26.5186 28
3348700 26.6899 28
3348800 27.1902 28
3348900 27.8669 28
3349000 28.7885 28
3349100 29.3225 28
3349200 29.6337 28
3349300 29.6083 28
3349400 29.2449 28
3349500 28.738 28
3349600 28.0103 28
3349700 27.3113 28
3349800 27.1263 28
3349900 27.6198 28
3350000 28.153 28
