# Time-averaged data for fix myat1
# TimeStep v_xave v_xdes
2490100 16.7328 16
2490200 16.9682 16
2490300 17.0121 16
2490400 16.9551 16
2490500 16.7589 16
2490600 16.5698 16
2490700 16.1578 16
2490800 15.7476 16
2490900 15.5057 16
2491000 15.2764 16
2491100 15.3461 16
2491200 15.6125 16
2491300 15.8038 16
2491400 15.8743 16
2491500 15.9063 16
2491600 15.8459 16
2491700 15.475 16
2491800 15.2066 16
2491900 14.9881 16
2492000 14.8168 16
2492100 14.7783 16
2492200 15.2195 16
2492300 15.5179 16
2492400 15.4222 16
2492500 15.2742 16
2492600 15.484 16
2492700 15.8755 16
2492800 16.2766 16
2492900 16.4148 16
2493000 16.3591 16
2493100 16.4234 16
2493200 16.4603 16
2493300 16.393 16
2493400 16.533 16
2493500 16.8469 16
2493600 17.1218 16
2493700 17.4309 16
2493800 17.4602 16
2493900 17.1265 16
2494000 16.709 16
2494100 16.3774 16
2494200 16.2099 16
2494300 16.2013 16
2494400 16.0356 16
2494500 15.5076 16
2494600 15.0777 16
2494700 15.2515 16
2494800 15.7693 16
2494900 16.3102 16
2495000 16.5597 16
2495100 16.7446 16
2495200 16.5258 16
2495300 16.1785 16
2495400 16.0969 16
2495500 16.0085 16
2495600 15.9215 16
2495700 15.8109 16
2495800 15.8062 16
2495900 15.8681 16
2496000 15.7039 16
2496100 15.4487 16
2496200 15.137 16
2496300 15.1965 16
2496400 15.2466 16
2496500 15.2035 16
2496600 15.2851 16
2496700 15.2283 16
2496800 15.0727 16
2496900 15.2323 16
2497000 15.8291 16
2497100 16.4587 16
2497200 16.7001 16
2497300 16.924 16
2497400 17.0748 16
2497500 16.9756 16
2497600 16.6379 16
2497700 16.2327 16
2497800 15.8199 16
2497900 15.7001 16
2498000 15.7755 16
2498100 15.9609 16
2498200 15.9257 16
2498300 15.7648 16
2498400 15.7357 16
2498500 15.7702 16
2498600 15.8252 16
2498700 16.1752 16
2498800 16.4507 16
2498900 16.6202 16
2499000 16.2123 16
2499100 15.8261 16
2499200 15.41 16
2499300 15.2709 16
2499400 15.2295 16
2499500 15.3142 16
2499600 15.5419 16
2499700 15.7956 16
2499800 16.0224 16
2499900 16.2758 16
2500000 16.5742 16
2500100 16.868 16
2500200 16.9612 16
2500300 16.8413 16
2500400 16.7325 16
2500500 16.5203 16
2500600 16.1838 16
2500700 15.9776 16
2500800 15.8968 16
2500900 15.9573 16
2501000 15.7174 16
2501100 15.5476 16
2501200 15.7434 16
2501300 16.1955 16
2501400 16.3575 16
2501500 16.3404 16
2501600 16.1873 16
2501700 15.8771 16
2501800 15.6131 16
2501900 15.4131 16
2502000 15.475 16
2502100 15.6785 16
2502200 15.8978 16
2502300 16.1651 16
2502400 16.2853 16
2502500 16.4663 16
2502600 16.83 16
2502700 17.1775 16
2502800 17.33 16
2502900 17.5038 16
2503000 17.4105 16
2503100 17.0849 16
2503200 16.7487 16
2503300 16.4025 16
2503400 16.0057 16
2503500 15.7918 16
2503600 15.9339 16
2503700 16.2617 16
2503800 16.5522 16
2503900 16.7024 16
2504000 16.4064 16
2504100 16.1203 16
2504200 16.0362 16
2504300 16.3902 16
2504400 16.6994 16
2504500 17.053 16
2504600 17.4037 16
2504700 17.4672 16
2504800 17.6766 16
2504900 17.679 16
2505000 17.5712 16
2505100 17.1711 16
2505200 16.7981 16
2505300 16.7027 16
2505400 16.7505 16
2505500 16.9373 16
2505600 16.7932 16
2505700 16.7178 16
2505800 16.9328 16
2505900 16.9604 16
2506000 16.8508 16
2506100 16.7788 16
2506200 16.6734 16
2506300 16.5309 16
2506400 16.4462 16
2506500 16.2185 16
2506600 15.9656 16
2506700 15.6671 16
2506800 15.3698 16
2506900 15.5211 16
2507000 16.0334 16
2507100 16.6395 16
2507200 16.9063 16
2507300 16.9776 16
2507400 17.1081 16
2507500 17.4153 16
2507600 17.4405 16
2507700 17.2004 16
2507800 16.8355 16
2507900 16.5126 16
2508000 16.3544 16
2508100 16.2697 16
2508200 15.9462 16
2508300 15.6991 16
2508400 15.521 16
2508500 15.4322 16
2508600 15.3608 16
2508700 15.4163 16
2508800 15.4547 16
2508900 15.5228 16
2509000 15.8331 16
2509100 15.9996 16
2509200 16.5257 16
2509300 17.1713 16
2509400 17.4989 16
2509500 17.6309 16
2509600 17.549 16
2509700 17.2151 16
2509800 16.9174 16
2509900 16.4926 16
2510000 15.9638 16
2510100 15.7041 16
2510200 15.7024 16
2510300 15.9494 16
2510400 16.329 16
2510500 16.7048 16
2510600 16.9347 16
2510700 17.1178 16
2510800 16.9597 16
2510900 16.634 16
2511000 16.1892 16
2511100 16.0267 16
2511200 16.3672 16
2511300 16.6834 16
2511400 16.5241 16
2511500 16.4366 16
2511600 16.4952 16
2511700 16.441 16
2511800 16.2468 16
2511900 15.9845 16
2512000 15.7662 16
2512100 15.7109 16
2512200 15.7906 16
2512300 15.8761 16
2512400 15.8281 16
2512500 16.0122 16
2512600 16.3001 16
2512700 16.5186 16
2512800 16.7565 16
2512900 16.8723 16
2513000 16.8091 16
2513100 16.5118 16
2513200 16.0206 16
2513300 15.6483 16
2513400 15.7712 16
2513500 15.9218 16
2513600 15.8977 16
2513700 15.9584 16
2513800 16.1845 16
2513900 16.3829 16
2514000 16.2961 16
2514100 16.3474 16
2514200 16.419 16
2514300 16.4836 16
2514400 16.6851 16
2514500 16.8279 16
2514600 16.7173 16
2514700 16.7251 16
2514800 16.6217 16
2514900 16.2174 16
2515000 15.7854 16
2515100 15.3634 16
2515200 14.8991 16
2515300 14.8458 16
2515400 15.2153 16
2515500 15.975 16
2515600 16.6977 16
2515700 17.0291 16
2515800 17.0262 16
2515900 16.8352 16
2516000 16.4272 16
2516100 16.0856 16
2516200 15.5922 16
2516300 15.2418 16
2516400 15.3741 16
2516500 15.7122 16
2516600 16.1198 16
2516700 16.4293 16
2516800 16.5652 16
2516900 16.7371 16
2517000 16.7161 16
2517100 16.6545 16
2517200 16.2919 16
2517300 15.9267 16
2517400 15.6312 16
2517500 15.5549 16
2517600 15.7144 16
2517700 15.9824 16
2517800 16.2501 16
2517900 16.417 16
2518000 16.4121 16
2518100 16.3666 16
2518200 16.0374 16
2518300 15.8376 16
2518400 15.7576 16
2518500 15.8888 16
2518600 16.0109 16
2518700 16.1594 16
2518800 15.9513 16
2518900 15.7268 16
2519000 15.7831 16
2519100 15.8103 16
2519200 15.6753 16
2519300 15.493 16
2519400 15.1839 16
2519500 15.2288 16
2519600 15.754 16
2519700 16.1862 16
2519800 16.1323 16
2519900 16.0919 16
2520000 16.0621 16
2520100 16.0773 16
2520200 16.2929 16
2520300 16.6116 16
2520400 16.7392 16
2520500 16.6006 16
2520600 16.1853 16
2520700 15.6698 16
2520800 15.2011 16
2520900 14.9793 16
2521000 14.8978 16
2521100 15.3321 16
2521200 15.8626 16
2521300 16.4655 16
2521400 16.8845 16
2521500 16.7591 16
2521600 16.6448 16
2521700 16.4601 16
2521800 16.1761 16
2521900 15.9098 16
2522000 15.7864 16
2522100 15.9511 16
2522200 16.3703 16
2522300 16.7544 16
2522400 16.7868 16
2522500 16.8572 16
2522600 16.8734 16
2522700 16.5741 16
2522800 16.5052 16
2522900 16.6791 16
2523000 16.7368 16
2523100 16.6198 16
2523200 16.4554 16
2523300 16.1047 16
2523400 15.8875 16
2523500 16.0223 16
2523600 16.1131 16
2523700 16.3106 16
2523800 16.568 16
2523900 16.8562 16
2524000 16.9781 16
2524100 16.9746 16
2524200 16.7814 16
2524300 16.7904 16
2524400 16.8324 16
2524500 16.7284 16
2524600 16.6044 16
2524700 16.572 16
2524800 16.9445 16
2524900 17.4993 16
2525000 17.879 16
2525100 17.6607 16
2525200 17.1835 16
2525300 16.7385 16
2525400 16.1763 16
2525500 15.6781 16
2525600 15.3093 16
2525700 14.928 16
2525800 14.7355 16
2525900 14.6317 16
2526000 14.7725 16
2526100 15.0356 16
2526200 15.397 16
2526300 15.7814 16
2526400 15.8165 16
2526500 15.7657 16
2526600 15.8698 16
2526700 16.1183 16
2526800 16.4691 16
2526900 16.643 16
2527000 16.6121 16
2527100 16.39 16
2527200 16.1635 16
2527300 16.0793 16
2527400 15.9116 16
2527500 15.7769 16
2527600 15.6773 16
2527700 15.6452 16
2527800 15.6403 16
2527900 15.785 16
2528000 16.1625 16
2528100 16.467 16
2528200 16.5959 16
2528300 16.4416 16
2528400 16.1893 16
2528500 16.323 16
2528600 16.5499 16
2528700 16.425 16
2528800 16.2383 16
2528900 16.0727 16
2529000 16.1706 16
2529100 16.1213 16
2529200 15.7405 16
2529300 15.1551 16
2529400 15.1316 16
2529500 15.3528 16
2529600 15.8373 16
2529700 16.2539 16
2529800 16.4834 16
2529900 16.7496 16
2530000 16.7705 16
2530100 16.9092 16
2530200 17.094 16
2530300 17.4781 16
2530400 17.5887 16
2530500 17.4683 16
2530600 17.3776 16
2530700 17.0727 16
2530800 16.5063 16
2530900 16.0484 16
2531000 16.1712 16
2531100 16.2998 16
2531200 16.5442 16
2531300 16.8624 16
2531400 16.8729 16
2531500 16.5746 16
2531600 16.0378 16
2531700 15.5418 16
2531800 15.1904 16
2531900 15.1391 16
2532000 15.4322 16
2532100 15.8726 16
2532200 16.1241 16
2532300 16.4163 16
2532400 16.5655 16
2532500 16.7763 16
2532600 16.9273 16
2532700 16.8562 16
2532800 16.778 16
2532900 16.5788 16
2533000 16.3224 16
2533100 16.0282 16
2533200 15.6578 16
2533300 15.296 16
2533400 15.2562 16
2533500 15.6271 16
2533600 15.9484 16
2533700 16.1403 16
2533800 16.2158 16
2533900 16.2192 16
2534000 16.1253 16
2534100 16.2276 16
2534200 16.4785 16
2534300 17.0281 16
2534400 17.4409 16
2534500 17.416 16
2534600 17.3069 16
2534700 17.2899 16
2534800 17.0338 16
2534900 16.8714 16
2535000 16.8008 16
2535100 16.6892 16
2535200 16.5178 16
2535300 16.21 16
2535400 15.9376 16
2535500 15.8131 16
2535600 15.7952 16
2535700 15.6348 16
2535800 15.3679 16
2535900 15.4716 16
2536000 15.8774 16
2536100 15.9622 16
2536200 15.6824 16
2536300 15.5398 16
2536400 15.7463 16
2536500 16.0841 16
2536600 16.1786 16
2536700 16.1154 16
2536800 15.9944 16
2536900 16.1432 16
2537000 16.3232 16
2537100 16.6463 16
2537200 16.635 16
2537300 16.4963 16
2537400 16.3336 16
2537500 15.8304 16
2537600 15.4607 16
2537700 15.2127 16
2537800 14.9222 16
2537900 14.7242 16
2538000 14.7078 16
2538100 14.9006 16
2538200 15.1913 16
2538300 15.2261 16
2538400 15.5025 16
2538500 15.7211 16
2538600 15.9052 16
2538700 16.3817 16
2538800 16.6161 16
2538900 16.7014 16
2539000 16.6226 16
2539100 16.3601 16
2539200 16.144 16
2539300 15.853 16
2539400 15.6128 16
2539500 15.6381 16
2539600 15.8958 16
2539700 16.1681 16
2539800 16.0981 16
2539900 15.7937 16
2540000 15.3175 16
2540100 15.1207 16
2540200 15.4754 16
2540300 15.7951 16
2540400 16.0949 16
2540500 16.2683 16
2540600 16.0829 16
2540700 15.906 16
2540800 15.9832 16
2540900 15.9323 16
2541000 15.5591 16
2541100 15.2637 16
2541200 15.0639 16
2541300 15.4892 16
2541400 16.0384 16
2541500 16.1945 16
2541600 16.382 16
2541700 16.5788 16
2541800 16.4329 16
2541900 15.9256 16
2542000 15.4352 16
2542100 15.2483 16
2542200 15.2378 16
2542300 15.3176 16
2542400 15.417 16
2542500 15.4554 16
2542600 15.7404 16
2542700 16.3496 16
2542800 17.0234 16
2542900 17.3773 16
2543000 17.3351 16
2543100 16.8566 16
2543200 16.1053 16
2543300 15.624 16
2543400 15.3847 16
2543500 15.3102 16
2543600 15.3607 16
2543700 15.5995 16
2543800 16.0489 16
2543900 16.4813 16
2544000 16.812 16
2544100 16.9256 16
2544200 16.7884 16
2544300 16.7158 16
2544400 16.5957 16
2544500 16.4469 16
2544600 16.2473 16
2544700 16.1049 16
2544800 16.0443 16
2544900 16.1038 16
2545000 15.9968 16
2545100 16.0741 16
2545200 16.3427 16
2545300 16.5168 16
2545400 16.4285 16
2545500 16.3036 16
2545600 16.1323 16
2545700 15.8837 16
2545800 15.7202 16
2545900 15.8614 16
2546000 16.0713 16
2546100 16.1486 16
2546200 16.0843 16
2546300 15.9883 16
2546400 15.8437 16
2546500 15.8936 16
2546600 16.1263 16
2546700 16.3693 16
2546800 16.4814 16
2546900 16.302 16
2547000 16.0164 16
2547100 16.0047 16
2547200 16.2387 16
2547300 16.0196 16
2547400 15.5282 16
2547500 15.0115 16
2547600 14.4156 16
2547700 14.1949 16
2547800 14.3801 16
2547900 14.9109 16
2548000 15.2445 16
2548100 15.5195 16
2548200 15.9282 16
2548300 16.291 16
2548400 16.5378 16
2548500 16.7215 16
2548600 16.7003 16
2548700 16.6434 16
2548800 16.3716 16
2548900 16.1012 16
2549000 15.912 16
2549100 15.725 16
2549200 15.5906 16
2549300 15.5745 16
2549400 15.6507 16
2549500 16.025 16
2549600 16.4454 16
2549700 16.645 16
2549800 16.4161 16
2549900 16.1338 16
2550000 15.8794 16
2550100 15.617 16
2550200 15.2827 16
2550300 15.267 16
2550400 15.4807 16
2550500 15.7205 16
2550600 16.0401 16
2550700 16.2098 16
2550800 16.0632 16
2550900 15.8052 16
2551000 15.5691 16
2551100 15.3644 16
2551200 15.3834 16
2551300 15.5437 16
2551400 15.6156 16
2551500 15.8148 16
2551600 15.9585 16
2551700 15.5269 16
2551800 14.9831 16
2551900 14.5836 16
2552000 14.3441 16
2552100 14.337 16
2552200 14.4859 16
2552300 14.7551 16
2552400 15.1857 16
2552500 15.6722 16
2552600 15.902 16
2552700 15.6794 16
2552800 15.2607 16
2552900 15.0259 16
2553000 15.1637 16
2553100 15.3556 16
2553200 15.876 16
2553300 16.5672 16
2553400 16.9704 16
2553500 16.7123 16
2553600 16.3 16
2553700 16.0434 16
2553800 15.9899 16
2553900 15.9328 16
2554000 15.8341 16
2554100 15.989 16
2554200 15.9834 16
2554300 15.924 16
2554400 15.8944 16
2554500 15.7158 16
2554600 15.7041 16
2554700 15.855 16
2554800 15.9789 16
2554900 16.1288 16
2555000 16.1108 16
2555100 15.9706 16
2555200 15.9763 16
2555300 16.0759 16
2555400 16.2685 16
2555500 16.3074 16
2555600 16.1474 16
2555700 15.8474 16
2555800 15.4976 16
2555900 15.6156 16
2556000 16.1425 16
2556100 16.63 16
2556200 16.8168 16
2556300 16.685 16
2556400 16.3915 16
2556500 15.9552 16
2556600 15.536 16
2556700 15.2223 16
2556800 15.4776 16
2556900 15.9908 16
2557000 16.6192 16
2557100 17.1007 16
2557200 17.276 16
2557300 17.3885 16
2557400 17.3408 16
2557500 17.104 16
2557600 16.7732 16
2557700 16.7152 16
2557800 16.7302 16
2557900 16.6461 16
2558000 16.5775 16
2558100 16.4899 16
2558200 16.4564 16
2558300 16.3879 16
2558400 16.2415 16
2558500 16.106 16
2558600 16.2381 16
2558700 16.2868 16
2558800 16.3779 16
2558900 16.581 16
2559000 16.7969 16
2559100 16.6815 16
2559200 16.2448 16
2559300 15.8475 16
2559400 15.9189 16
2559500 16.2413 16
2559600 16.4288 16
2559700 16.2988 16
2559800 16.1623 16
2559900 16.2634 16
2560000 16.4417 16
2560100 16.4615 16
2560200 16.5744 16
2560300 16.6564 16
2560400 16.6863 16
2560500 16.6604 16
2560600 16.0986 16
2560700 15.4485 16
2560800 15.3208 16
2560900 15.4985 16
2561000 15.6346 16
2561100 16.1541 16
2561200 16.8967 16
2561300 17.4137 16
2561400 17.7241 16
2561500 17.5694 16
2561600 17.1188 16
2561700 16.6921 16
2561800 16.242 16
2561900 16.0158 16
2562000 16.0204 16
2562100 15.8863 16
2562200 15.5223 16
2562300 15.4588 16
2562400 15.5641 16
2562500 15.7373 16
2562600 15.9304 16
2562700 16.1937 16
2562800 16.7944 16
2562900 17.0142 16
2563000 16.9365 16
2563100 16.5939 16
2563200 16.1406 16
2563300 15.9081 16
2563400 15.8565 16
2563500 15.9329 16
2563600 15.954 16
2563700 15.6896 16
2563800 15.6054 16
2563900 15.497 16
2564000 15.6703 16
2564100 15.9887 16
2564200 16.1906 16
2564300 16.3992 16
2564400 16.3549 16
2564500 15.9988 16
2564600 15.4913 16
2564700 15.08 16
2564800 14.7364 16
2564900 14.8579 16
2565000 15.3108 16
2565100 15.6389 16
2565200 15.8305 16
2565300 16.0214 16
2565400 16.3123 16
2565500 16.4997 16
2565600 16.5131 16
2565700 16.1498 16
2565800 15.7096 16
2565900 15.4492 16
2566000 15.3478 16
2566100 15.5949 16
2566200 16.2798 16
2566300 17.0271 16
2566400 17.4218 16
2566500 17.5655 16
2566600 17.402 16
2566700 17.0087 16
2566800 16.6043 16
2566900 16.2891 16
2567000 15.9834 16
2567100 15.8176 16
2567200 15.8029 16
2567300 15.6421 16
2567400 15.7338 16
2567500 15.8511 16
2567600 15.826 16
2567700 16.0037 16
2567800 15.7713 16
2567900 15.5103 16
2568000 15.4813 16
2568100 15.7034 16
2568200 16.0804 16
2568300 16.3334 16
2568400 16.6094 16
2568500 16.7538 16
2568600 16.8765 16
2568700 16.8331 16
2568800 16.6822 16
2568900 16.2923 16
2569000 15.875 16
2569100 15.5154 16
2569200 15.5451 16
2569300 15.7684 16
2569400 15.9925 16
2569500 15.9087 16
2569600 15.9826 16
2569700 16.5385 16
2569800 16.7899 16
2569900 16.8498 16
2570000 16.6421 16
2570100 16.4106 16
2570200 16.3388 16
2570300 16.4309 16
2570400 16.4728 16
2570500 16.6848 16
2570600 16.7967 16
2570700 16.6268 16
2570800 16.3526 16
2570900 16.2045 16
2571000 16.0278 16
2571100 15.821 16
2571200 15.5845 16
2571300 15.3184 16
2571400 15.2925 16
2571500 15.4966 16
2571600 15.8781 16
2571700 16.2151 16
2571800 16.5217 16
2571900 16.5153 16
2572000 16.3373 16
2572100 16.1316 16
2572200 16.1876 16
2572300 16.349 16
2572400 16.3177 16
2572500 16.3548 16
2572600 16.6485 16
2572700 16.8294 16
2572800 16.8474 16
2572900 16.8006 16
2573000 16.5805 16
2573100 16.078 16
2573200 15.7982 16
2573300 15.7467 16
2573400 15.5673 16
2573500 15.6556 16
2573600 16.2085 16
2573700 16.9586 16
2573800 17.5098 16
2573900 17.4717 16
2574000 17.109 16
2574100 16.5664 16
2574200 16.3467 16
2574300 16.3781 16
2574400 16.3401 16
2574500 16.2425 16
2574600 16.3538 16
2574700 16.5857 16
2574800 16.7328 16
2574900 16.4905 16
2575000 16.2731 16
2575100 15.9782 16
2575200 15.6531 16
2575300 15.4121 16
2575400 15.3046 16
2575500 15.2388 16
2575600 15.2904 16
2575700 15.3452 16
2575800 15.7716 16
2575900 16.1752 16
2576000 16.1205 16
2576100 15.855 16
2576200 15.8212 16
2576300 15.6822 16
2576400 15.7324 16
2576500 15.6245 16
2576600 15.6314 16
2576700 15.8317 16
2576800 15.8054 16
2576900 15.5084 16
2577000 15.32 16
2577100 15.4925 16
2577200 15.7893 16
2577300 16.0444 16
2577400 16.1218 16
2577500 16.1357 16
2577600 16.237 16
2577700 16.1847 16
2577800 16.2812 16
2577900 16.4537 16
2578000 16.5905 16
2578100 16.787 16
2578200 16.8734 16
2578300 16.6692 16
2578400 16.2165 16
2578500 15.7417 16
2578600 15.149 16
2578700 14.9878 16
2578800 15.0893 16
2578900 15.3456 16
2579000 15.6325 16
2579100 16.3086 16
2579200 16.9179 16
2579300 17.3361 16
2579400 17.561 16
2579500 17.1877 16
2579600 16.4962 16
2579700 15.9739 16
2579800 15.5011 16
2579900 15.2002 16
2580000 15.3215 16
2580100 15.6943 16
2580200 16.0393 16
2580300 16.0811 16
2580400 16.1569 16
2580500 16.3097 16
2580600 16.5138 16
2580700 16.6828 16
2580800 16.8273 16
2580900 16.8762 16
2581000 16.6581 16
2581100 16.3517 16
2581200 16.1243 16
2581300 16.0301 16
2581400 15.8854 16
2581500 16.0301 16
2581600 16.4239 16
2581700 16.5025 16
2581800 16.3464 16
2581900 16.2342 16
2582000 16.2416 16
2582100 16.0263 16
2582200 15.8031 16
2582300 15.6272 16
2582400 15.6261 16
2582500 15.4084 16
2582600 15.1623 16
2582700 14.8933 16
2582800 14.7504 16
2582900 15.0627 16
2583000 15.6121 16
2583100 16.2629 16
2583200 16.9573 16
2583300 17.4082 16
2583400 17.4808 16
2583500 17.3149 16
2583600 17.0025 16
2583700 16.416 16
2583800 15.6154 16
2583900 15.0708 16
2584000 14.746 16
2584100 14.5888 16
2584200 14.85 16
2584300 15.4209 16
2584400 16.0116 16
2584500 16.0041 16
2584600 15.8608 16
2584700 15.8116 16
2584800 15.7474 16
2584900 15.6412 16
2585000 15.5401 16
2585100 15.5207 16
2585200 15.815 16
2585300 16.1346 16
2585400 16.2797 16
2585500 16.1115 16
2585600 15.7797 16
2585700 15.5496 16
2585800 15.3198 16
2585900 15.2186 16
2586000 15.7127 16
2586100 16.4978 16
2586200 17.0153 16
2586300 17.2836 16
2586400 17.1858 16
2586500 16.9053 16
2586600 16.4363 16
2586700 16.0466 16
2586800 15.939 16
2586900 15.8805 16
2587000 16.0597 16
2587100 16.2722 16
2587200 16.2547 16
2587300 16.3177 16
2587400 16.4093 16
2587500 16.3712 16
2587600 16.392 16
2587700 16.2479 16
2587800 16.203 16
2587900 16.3137 16
2588000 16.1844 16
2588100 16.0369 16
2588200 16.0499 16
2588300 16.0936 16
2588400 15.9963 16
2588500 16.2767 16
2588600 16.5169 16
2588700 16.5842 16
2588800 16.4456 16
2588900 16.2784 16
2589000 16.4826 16
2589100 16.5962 16
2589200 16.6116 16
2589300 16.3836 16
2589400 16.328 16
2589500 16.2787 16
2589600 15.9733 16
2589700 15.6654 16
2589800 15.438 16
2589900 15.3104 16
2590000 15.177 16
2590100 15.5777 16
2590200 16.1513 16
2590300 16.6374 16
2590400 16.7096 16
2590500 16.7382 16
2590600 16.8031 16
2590700 17.048 16
2590800 17.3796 16
2590900 17.4757 16
2591000 17.1721 16
2591100 16.9717 16
2591200 16.9549 16
2591300 17.0264 16
2591400 17.0542 16
2591500 16.638 16
2591600 16.0615 16
2591700 15.701 16
2591800 15.2709 16
2591900 14.8454 16
2592000 14.7641 16
2592100 15.1494 16
2592200 15.7181 16
2592300 16.102 16
2592400 16.5718 16
2592500 16.9334 16
2592600 17.0421 16
2592700 17.3422 16
2592800 17.7233 16
2592900 17.8825 16
2593000 17.9243 16
2593100 17.8021 16
2593200 17.2371 16
2593300 16.4208 16
2593400 15.9379 16
2593500 15.7642 16
2593600 15.8182 16
2593700 15.9513 16
2593800 16.171 16
2593900 16.4005 16
2594000 16.3362 16
2594100 16.3003 16
2594200 16.1247 16
2594300 15.8201 16
2594400 15.5019 16
2594500 15.5381 16
2594600 15.9137 16
2594700 16.3835 16
2594800 16.5583 16
2594900 16.6543 16
2595000 16.655 16
2595100 16.6356 16
2595200 16.3417 16
2595300 15.8818 16
2595400 15.7473 16
2595500 15.9367 16
2595600 16.1438 16
2595700 16.0867 16
2595800 16.0519 16
2595900 16.1177 16
2596000 16.3387 16
2596100 16.3137 16
2596200 16.1582 16
2596300 15.9463 16
2596400 16.0619 16
2596500 16.3835 16
2596600 16.6611 16
2596700 16.6225 16
2596800 16.6097 16
2596900 16.5885 16
2597000 16.1587 16
2597100 15.52 16
2597200 15.0619 16
2597300 14.8765 16
2597400 15.1044 16
2597500 15.7547 16
2597600 16.0205 16
2597700 15.9393 16
2597800 15.7825 16
2597900 15.8355 16
2598000 16.151 16
2598100 16.3871 16
2598200 16.4643 16
2598300 16.1724 16
2598400 15.7668 16
2598500 15.4355 16
2598600 14.9627 16
2598700 14.7174 16
2598800 14.7224 16
2598900 14.9836 16
2599000 15.3121 16
2599100 15.8095 16
2599200 16.2424 16
2599300 16.5364 16
2599400 16.6205 16
2599500 16.3794 16
2599600 15.8546 16
2599700 15.4454 16
2599800 15.4436 16
2599900 15.5393 16
2600000 15.7248 16
2600100 16.2841 16
2600200 16.5069 16
2600300 16.3026 16
2600400 15.8117 16
2600500 15.2158 16
2600600 14.7143 16
2600700 14.4301 16
2600800 14.5288 16
2600900 14.9395 16
2601000 15.4819 16
2601100 16.2822 16
2601200 16.8045 16
2601300 16.8229 16
2601400 16.506 16
2601500 16.0759 16
2601600 15.6735 16
2601700 15.4807 16
2601800 15.4566 16
2601900 15.5473 16
2602000 15.9565 16
2602100 16.6237 16
2602200 17.1505 16
2602300 17.3165 16
2602400 17.0656 16
2602500 16.7801 16
2602600 16.4805 16
2602700 16.3523 16
2602800 16.5002 16
2602900 16.6465 16
2603000 16.8349 16
2603100 16.916 16
2603200 16.558 16
2603300 16.1452 16
2603400 15.8308 16
2603500 15.7481 16
2603600 15.6882 16
2603700 15.7725 16
2603800 15.9553 16
2603900 15.9696 16
2604000 15.9478 16
2604100 16.1577 16
2604200 16.2834 16
2604300 16.2427 16
2604400 16.2339 16
2604500 16.2547 16
2604600 16.1856 16
2604700 16.0729 16
2604800 16.0153 16
2604900 16.0958 16
2605000 16.1142 16
2605100 16.0595 16
2605200 16.2824 16
2605300 16.5641 16
2605400 16.6409 16
2605500 16.7687 16
2605600 17.0907 16
2605700 17.2144 16
2605800 17.107 16
2605900 17.0663 16
2606000 16.9677 16
2606100 16.7145 16
2606200 16.412 16
2606300 16.1983 16
2606400 16.0892 16
2606500 15.9664 16
2606600 15.9205 16
2606700 16.0937 16
2606800 16.0942 16
2606900 16.033 16
2607000 15.951 16
2607100 15.8892 16
2607200 15.8416 16
2607300 15.9054 16
2607400 16.1925 16
2607500 16.4287 16
2607600 16.5695 16
2607700 16.5152 16
2607800 16.4268 16
2607900 16.5437 16
2608000 16.5806 16
2608100 16.4838 16
2608200 16.4271 16
2608300 16.5555 16
2608400 16.4277 16
2608500 16.2594 16
2608600 15.9877 16
2608700 15.691 16
2608800 15.5424 16
2608900 15.3443 16
2609000 15.1263 16
2609100 15.1383 16
2609200 15.4614 16
2609300 16.009 16
2609400 16.6173 16
2609500 17.2269 16
2609600 17.9328 16
2609700 18.0402 16
2609800 17.2991 16
2609900 16.5532 16
2610000 16.1053 16
2610100 15.564 16
2610200 15.3397 16
2610300 15.6148 16
2610400 16.0613 16
2610500 16.3548 16
2610600 16.1326 16
2610700 15.8799 16
2610800 15.6313 16
2610900 15.3384 16
2611000 14.983 16
2611100 14.6375 16
2611200 14.6704 16
2611300 14.9667 16
2611400 15.3449 16
2611500 15.5796 16
2611600 15.8378 16
2611700 16.0301 16
2611800 15.9907 16
2611900 15.8895 16
2612000 15.7143 16
2612100 15.5124 16
2612200 15.4516 16
2612300 15.6159 16
2612400 15.9985 16
2612500 16.3905 16
2612600 16.6613 16
2612700 16.6489 16
2612800 16.3294 16
2612900 15.9284 16
2613000 15.6289 16
2613100 15.1237 16
2613200 14.6827 16
2613300 14.779 16
2613400 15.0021 16
2613500 15.4376 16
2613600 16.2021 16
2613700 16.4947 16
2613800 16.6285 16
2613900 16.964 16
2614000 17.0913 16
2614100 16.874 16
2614200 16.8722 16
2614300 16.9496 16
2614400 16.6406 16
2614500 16.2388 16
2614600 16.089 16
2614700 16.1289 16
2614800 16.1264 16
2614900 16.117 16
2615000 16.2924 16
2615100 16.3748 16
2615200 16.2772 16
2615300 15.8675 16
2615400 15.5752 16
2615500 15.753 16
2615600 15.7661 16
2615700 15.5406 16
2615800 15.2417 16
2615900 15.186 16
2616000 15.4039 16
2616100 15.9459 16
2616200 16.6059 16
2616300 17.1308 16
2616400 17.4876 16
2616500 17.4076 16
2616600 16.9038 16
2616700 16.6608 16
2616800 16.1709 16
2616900 15.7779 16
2617000 15.7222 16
2617100 15.7654 16
2617200 15.8749 16
2617300 15.7422 16
2617400 15.4986 16
2617500 15.3943 16
2617600 15.5363 16
2617700 15.8101 16
2617800 15.9636 16
2617900 16.0799 16
2618000 15.8614 16
2618100 15.5722 16
2618200 15.4056 16
2618300 15.673 16
2618400 16.1474 16
2618500 16.3883 16
2618600 16.5746 16
2618700 16.5896 16
2618800 16.2493 16
2618900 15.952 16
2619000 15.7892 16
2619100 15.5681 16
2619200 15.4356 16
2619300 15.6483 16
2619400 16.1724 16
2619500 16.6014 16
2619600 16.8034 16
2619700 16.6682 16
2619800 16.6903 16
2619900 16.6854 16
2620000 16.6061 16
2620100 16.4805 16
2620200 16.366 16
2620300 16.3811 16
2620400 16.4417 16
2620500 16.2907 16
2620600 16.0306 16
2620700 15.8039 16
2620800 15.8044 16
2620900 15.9303 16
2621000 16.1742 16
2621100 16.318 16
2621200 16.4217 16
2621300 16.4447 16
2621400 16.4918 16
2621500 16.6279 16
2621600 16.8105 16
2621700 17.0936 16
2621800 17.4741 16
2621900 17.7896 16
2622000 17.8603 16
2622100 17.515 16
2622200 16.9475 16
2622300 16.1562 16
2622400 15.7395 16
2622500 15.4322 16
2622600 15.3998 16
2622700 15.5586 16
2622800 15.7042 16
2622900 15.5865 16
2623000 15.478 16
2623100 15.5123 16
2623200 15.5202 16
2623300 15.5267 16
2623400 15.5343 16
2623500 15.7621 16
2623600 16.1188 16
2623700 16.4419 16
2623800 16.3799 16
2623900 16.0484 16
2624000 15.7748 16
2624100 15.8919 16
2624200 15.879 16
2624300 15.8005 16
2624400 15.7679 16
2624500 15.9623 16
2624600 16.1744 16
2624700 16.4465 16
2624800 16.8068 16
2624900 17.2024 16
2625000 17.5744 16
2625100 17.3081 16
2625200 16.759 16
2625300 16.3879 16
2625400 16.1098 16
2625500 15.7965 16
2625600 15.5841 16
2625700 15.4415 16
2625800 15.7382 16
2625900 16.122 16
2626000 16.5394 16
2626100 16.8094 16
2626200 16.8121 16
2626300 16.7408 16
2626400 16.3788 16
2626500 15.8305 16
2626600 15.4481 16
2626700 15.2465 16
2626800 14.9867 16
2626900 14.9942 16
2627000 15.0549 16
2627100 15.1659 16
2627200 15.181 16
2627300 15.1231 16
2627400 15.1262 16
2627500 15.3455 16
2627600 15.6532 16
2627700 16.0631 16
2627800 16.2467 16
2627900 16.458 16
2628000 16.8799 16
2628100 16.9836 16
2628200 16.9823 16
2628300 17.0634 16
2628400 17.3027 16
2628500 17.1594 16
2628600 16.7133 16
2628700 16.2129 16
2628800 15.7021 16
2628900 15.5445 16
2629000 15.4805 16
2629100 15.6851 16
2629200 15.8721 16
2629300 16.1444 16
2629400 16.3194 16
2629500 16.4216 16
2629600 16.3686 16
2629700 16.6391 16
2629800 16.6839 16
2629900 16.2004 16
2630000 15.8178 16
2630100 15.6254 16
2630200 15.6188 16
2630300 15.681 16
2630400 15.622 16
2630500 15.7006 16
2630600 15.7273 16
2630700 15.6513 16
2630800 15.5962 16
2630900 15.7358 16
2631000 16.1791 16
2631100 16.6115 16
2631200 16.8726 16
2631300 17.2283 16
2631400 17.4597 16
2631500 17.4781 16
2631600 17.3274 16
2631700 17.0794 16
2631800 16.6527 16
2631900 16.1278 16
2632000 15.955 16
2632100 15.934 16
2632200 15.8798 16
2632300 15.6659 16
2632400 15.6313 16
2632500 15.6356 16
2632600 15.7275 16
2632700 15.83 16
2632800 15.9542 16
2632900 16.0348 16
2633000 16.1594 16
2633100 16.115 16
2633200 15.5812 16
2633300 15.2569 16
2633400 15.3772 16
2633500 15.9051 16
2633600 16.3647 16
2633700 16.8146 16
2633800 17.2688 16
2633900 17.3335 16
2634000 17.2307 16
2634100 17.2096 16
2634200 16.9261 16
2634300 17.0353 16
2634400 17.1477 16
2634500 16.907 16
2634600 16.3312 16
2634700 15.8285 16
2634800 15.5619 16
2634900 15.5372 16
2635000 15.5229 16
2635100 15.5109 16
2635200 15.7516 16
2635300 16.0564 16
2635400 16.2107 16
2635500 16.1214 16
2635600 16.1544 16
2635700 16.087 16
2635800 16.2478 16
2635900 16.3952 16
2636000 16.4371 16
2636100 16.2855 16
2636200 16.0324 16
2636300 16.0088 16
2636400 16.2619 16
2636500 16.6035 16
2636600 16.8623 16
2636700 16.9059 16
2636800 16.7248 16
2636900 16.5105 16
2637000 16.0662 16
2637100 15.6926 16
2637200 15.1487 16
2637300 14.7833 16
2637400 14.684 16
2637500 14.9446 16
2637600 15.331 16
2637700 15.6369 16
2637800 15.7439 16
2637900 16.0952 16
2638000 16.7175 16
2638100 16.7891 16
2638200 16.6009 16
2638300 16.4564 16
2638400 16.3024 16
2638500 16.0828 16
2638600 15.8568 16
2638700 15.5252 16
2638800 15.3831 16
2638900 15.5832 16
2639000 15.7635 16
2639100 15.9891 16
2639200 16.4079 16
2639300 16.7471 16
2639400 16.814 16
2639500 16.7253 16
2639600 16.6184 16
2639700 16.4642 16
2639800 16.2701 16
2639900 16.3508 16
2640000 16.5643 16
2640100 16.6399 16
2640200 16.4968 16
2640300 16.0355 16
2640400 15.5176 16
2640500 15.1149 16
2640600 15.0488 16
2640700 15.0756 16
2640800 15.2219 16
2640900 15.0191 16
2641000 14.768 16
2641100 14.5047 16
2641200 14.4546 16
2641300 14.6285 16
2641400 15.0302 16
2641500 15.691 16
2641600 16.3368 16
2641700 16.572 16
2641800 16.4733 16
2641900 16.3427 16
2642000 16.1569 16
2642100 15.9129 16
2642200 15.6857 16
2642300 15.5895 16
2642400 15.6266 16
2642500 15.7476 16
2642600 15.8583 16
2642700 16.1078 16
2642800 16.2802 16
2642900 16.1152 16
2643000 16.0242 16
2643100 16.0786 16
2643200 16.2317 16
2643300 16.4999 16
2643400 16.6367 16
2643500 16.4684 16
2643600 16.4936 16
2643700 16.6328 16
2643800 16.8533 16
2643900 17.0096 16
2644000 17.1239 16
2644100 17.0318 16
2644200 16.6705 16
2644300 16.2043 16
2644400 15.5573 16
2644500 15.2174 16
2644600 15.0408 16
2644700 15.0592 16
2644800 15.1693 16
2644900 15.5891 16
2645000 16.1908 16
2645100 16.7815 16
2645200 16.8585 16
2645300 16.7423 16
2645400 16.5791 16
2645500 16.2256 16
2645600 15.9134 16
2645700 15.9239 16
2645800 16.2541 16
2645900 16.2588 16
2646000 15.8141 16
2646100 15.5165 16
2646200 15.4573 16
2646300 15.7275 16
2646400 16.0086 16
2646500 16.2656 16
2646600 16.3803 16
2646700 16.4407 16
2646800 16.332 16
2646900 16.218 16
2647000 16.1615 16
2647100 16.097 16
2647200 16.3557 16
2647300 16.9282 16
2647400 17.2251 16
2647500 17.2257 16
2647600 17.0229 16
2647700 16.6672 16
2647800 16.2756 16
2647900 16.148 16
2648000 16.2762 16
2648100 16.4404 16
2648200 16.4523 16
2648300 16.2379 16
2648400 15.7991 16
2648500 15.3353 16
2648600 14.9163 16
2648700 14.7425 16
2648800 14.7241 16
2648900 15.0648 16
2649000 15.5728 16
2649100 15.9617 16
2649200 16.0512 16
2649300 16.0882 16
2649400 16.1019 16
2649500 16.0893 16
2649600 16.0421 16
2649700 16.0308 16
2649800 15.9522 16
2649900 15.7024 16
2650000 15.3441 16
2650100 15.306 16
2650200 15.579 16
2650300 15.7009 16
2650400 15.4927 16
2650500 15.2118 16
2650600 15.1303 16
2650700 15.1981 16
2650800 15.4256 16
2650900 15.6964 16
2651000 16.1466 16
2651100 16.5724 16
2651200 16.8748 16
2651300 17.0116 16
2651400 16.8647 16
2651500 16.4979 16
2651600 16.1838 16
2651700 15.8958 16
2651800 15.7506 16
2651900 15.666 16
2652000 15.4687 16
2652100 15.2949 16
2652200 15.1208 16
2652300 15.3592 16
2652400 15.57 16
2652500 15.6542 16
2652600 15.5386 16
2652700 15.2442 16
2652800 15.3136 16
2652900 15.3064 16
2653000 15.1745 16
2653100 14.8653 16
2653200 14.6826 16
2653300 14.7027 16
2653400 14.8414 16
2653500 15.1011 16
2653600 15.2401 16
2653700 15.4542 16
2653800 15.583 16
2653900 15.8494 16
2654000 16.1862 16
2654100 16.2206 16
2654200 15.9561 16
2654300 15.6498 16
2654400 15.7822 16
2654500 16.2212 16
2654600 16.4205 16
2654700 16.3817 16
2654800 16.3083 16
2654900 16.4322 16
2655000 16.9055 16
2655100 17.4146 16
2655200 17.7077 16
2655300 17.7913 16
2655400 17.425 16
2655500 16.9227 16
2655600 16.5671 16
2655700 16.2428 16
2655800 16.0771 16
2655900 16.2089 16
2656000 16.5108 16
2656100 16.6314 16
2656200 16.2868 16
2656300 15.8174 16
2656400 15.3736 16
2656500 15.2757 16
2656600 15.2325 16
2656700 15.1156 16
2656800 15.2568 16
2656900 15.5509 16
2657000 16.0214 16
2657100 16.5949 16
2657200 16.7755 16
2657300 16.6457 16
2657400 16.453 16
2657500 15.9925 16
2657600 15.7549 16
2657700 15.6708 16
2657800 15.4864 16
2657900 15.5229 16
2658000 15.5781 16
2658100 15.6859 16
2658200 15.9439 16
2658300 16.1464 16
2658400 16.4841 16
2658500 16.7583 16
2658600 16.6474 16
2658700 16.4251 16
2658800 16.3169 16
2658900 16.3296 16
2659000 16.2133 16
2659100 15.9734 16
2659200 15.7812 16
2659300 15.7666 16
2659400 15.7678 16
2659500 15.7199 16
2659600 15.9473 16
2659700 16.5316 16
2659800 16.9641 16
2659900 17.0525 16
2660000 16.7436 16
2660100 16.1904 16
2660200 15.6252 16
2660300 15.3857 16
2660400 15.2132 16
2660500 15.0426 16
2660600 14.9461 16
2660700 15.0634 16
2660800 14.9745 16
2660900 14.9772 16
2661000 14.8458 16
2661100 14.816 16
2661200 15.0874 16
2661300 15.6913 16
2661400 16.1846 16
2661500 16.5268 16
2661600 16.9878 16
2661700 17.37 16
2661800 17.4008 16
2661900 17.0847 16
2662000 16.6894 16
2662100 16.2478 16
2662200 15.6485 16
2662300 15.0933 16
2662400 14.3073 16
2662500 13.884 16
2662600 13.778 16
2662700 14.2913 16
2662800 15.1333 16
2662900 15.9105 16
2663000 16.2521 16
2663100 16.5308 16
2663200 16.5633 16
2663300 16.4924 16
2663400 16.5622 16
2663500 16.47 16
2663600 16.3717 16
2663700 16.379 16
2663800 16.2845 16
2663900 16.0095 16
2664000 16.0576 16
2664100 16.1529 16
2664200 16.2651 16
2664300 16.478 16
2664400 16.4583 16
2664500 16.3489 16
2664600 16.3624 16
2664700 16.2754 16
2664800 16.3646 16
2664900 16.313 16
2665000 16.204 16
2665100 16.2111 16
2665200 16.1027 16
2665300 16.15 16
2665400 16.1964 16
2665500 16.1035 16
2665600 15.7979 16
2665700 15.7686 16
2665800 16.0014 16
2665900 15.8886 16
2666000 15.524 16
2666100 15.1714 16
2666200 14.6869 16
2666300 14.5566 16
2666400 14.8422 16
2666500 15.2055 16
2666600 15.3322 16
2666700 15.2783 16
2666800 15.2353 16
2666900 15.526 16
2667000 15.6968 16
2667100 15.8406 16
2667200 15.9719 16
2667300 16.0466 16
2667400 16.0667 16
2667500 16.0357 16
2667600 16.1504 16
2667700 16.0811 16
2667800 16.0279 16
2667900 15.8607 16
2668000 15.5812 16
2668100 15.2867 16
2668200 15.0241 16
2668300 14.9649 16
2668400 15.0929 16
2668500 15.3481 16
2668600 15.5738 16
2668700 15.8163 16
2668800 16.0987 16
2668900 16.4132 16
2669000 16.8602 16
2669100 17.0866 16
2669200 17.0482 16
2669300 16.7436 16
2669400 16.2923 16
2669500 15.9729 16
2669600 15.7293 16
2669700 15.6351 16
2669800 15.5408 16
2669900 15.5759 16
2670000 15.7096 16
2670100 15.9642 16
2670200 16.293 16
2670300 16.1404 16
2670400 15.8641 16
2670500 15.7373 16
2670600 15.7266 16
2670700 15.4997 16
2670800 15.0376 16
2670900 14.9809 16
2671000 15.1189 16
2671100 15.1941 16
2671200 15.4562 16
2671300 15.7475 16
2671400 16.0556 16
2671500 16.3049 16
2671600 16.5619 16
2671700 16.4795 16
2671800 16.3297 16
2671900 16.3687 16
2672000 16.7141 16
2672100 17.039 16
2672200 16.9064 16
2672300 16.7478 16
2672400 16.5648 16
2672500 16.5448 16
2672600 16.5135 16
2672700 16.5448 16
2672800 16.614 16
2672900 16.726 16
2673000 16.8048 16
2673100 16.7052 16
2673200 16.456 16
2673300 16.259 16
2673400 15.92 16
2673500 15.3814 16
2673600 14.7916 16
2673700 14.5673 16
2673800 14.5609 16
2673900 14.917 16
2674000 15.4261 16
2674100 15.93 16
2674200 16.251 16
2674300 16.3125 16
2674400 16.2001 16
2674500 15.9887 16
2674600 15.9295 16
2674700 15.981 16
2674800 16.3295 16
2674900 16.758 16
2675000 16.8359 16
2675100 16.4966 16
2675200 16.0318 16
2675300 15.8798 16
2675400 15.8505 16
2675500 15.7236 16
2675600 15.5969 16
2675700 15.9115 16
2675800 16.2964 16
2675900 16.6517 16
2676000 17.2069 16
2676100 17.7513 16
2676200 17.7488 16
2676300 17.4428 16
2676400 16.9277 16
2676500 16.3894 16
2676600 16.0108 16
2676700 15.8282 16
2676800 15.7966 16
2676900 15.815 16
2677000 16.0118 16
2677100 16.504 16
2677200 16.985 16
2677300 17.334 16
2677400 17.6128 16
2677500 17.5322 16
2677600 17.2225 16
2677700 16.9323 16
2677800 16.8882 16
2677900 16.4359 16
2678000 16.0205 16
2678100 15.7811 16
2678200 15.6581 16
2678300 15.1257 16
2678400 14.7198 16
2678500 14.7033 16
2678600 15.1266 16
2678700 15.5619 16
2678800 16.0102 16
2678900 16.4078 16
2679000 16.7839 16
2679100 17.1746 16
2679200 17.447 16
2679300 17.1599 16
2679400 16.5445 16
2679500 16.0624 16
2679600 15.8652 16
2679700 15.8488 16
2679800 16.0965 16
2679900 16.3152 16
2680000 16.4234 16
2680100 16.585 16
2680200 17.0166 16
2680300 17.3098 16
2680400 17.3993 16
2680500 17.3892 16
2680600 17.1007 16
2680700 16.6862 16
2680800 16.5564 16
2680900 16.4752 16
2681000 16.1818 16
2681100 15.7758 16
2681200 15.3147 16
2681300 14.9971 16
2681400 15.0586 16
2681500 15.5762 16
2681600 16.0958 16
2681700 16.3057 16
2681800 16.2832 16
2681900 16.4243 16
2682000 16.6727 16
2682100 16.6634 16
2682200 16.5461 16
2682300 16.3386 16
2682400 15.8388 16
2682500 15.427 16
2682600 15.5385 16
2682700 15.6721 16
2682800 15.9239 16
2682900 15.9081 16
2683000 16.0219 16
2683100 16.3085 16
2683200 16.6302 16
2683300 17.0158 16
2683400 17.1374 16
2683500 16.9104 16
2683600 16.49 16
2683700 16.2425 16
2683800 16.4352 16
2683900 16.6771 16
2684000 16.8879 16
2684100 17.2745 16
2684200 17.5961 16
2684300 17.6851 16
2684400 17.8938 16
2684500 18.1594 16
2684600 18.076 16
2684700 17.6279 16
2684800 16.8077 16
2684900 16.0551 16
2685000 15.4579 16
2685100 15.1758 16
2685200 15.0848 16
2685300 15.0399 16
2685400 15.0172 16
2685500 14.9738 16
2685600 15.184 16
2685700 15.4867 16
2685800 15.8211 16
2685900 15.8953 16
2686000 15.5186 16
2686100 15.1085 16
2686200 14.7072 16
2686300 14.6223 16
2686400 14.8287 16
2686500 14.9745 16
2686600 15.1084 16
2686700 15.3594 16
2686800 15.5333 16
2686900 15.6579 16
2687000 16.1699 16
2687100 16.7712 16
2687200 17.0109 16
2687300 17.1219 16
2687400 16.9489 16
2687500 16.5642 16
2687600 16.4468 16
2687700 16.3484 16
2687800 16.1203 16
2687900 15.9314 16
2688000 15.902 16
2688100 15.9381 16
2688200 15.8226 16
2688300 15.666 16
2688400 15.7836 16
2688500 16.0127 16
2688600 16.1201 16
2688700 16.3777 16
2688800 16.5024 16
2688900 16.4193 16
2689000 16.3219 16
2689100 16.3998 16
2689200 16.5045 16
2689300 16.4827 16
2689400 16.4981 16
2689500 16.4067 16
2689600 16.144 16
2689700 15.7765 16
2689800 15.7445 16
2689900 15.7469 16
2690000 15.8999 16
