# Time-averaged data for fix myat1
# TimeStep v_xave v_xdes
70100 -28.5376 -28
70200 -28.9022 -28
70300 -29.1045 -28
70400 -28.9601 -28
70500 -28.6732 -28
70600 -28.4774 -28
70700 -28.2071 -28
70800 -28.2241 -28
70900 -28.529 -28
71000 -28.9214 -28
71100 -28.9015 -28
71200 -28.4707 -28
71300 -27.9986 -28
71400 -27.6504 -28
71500 -27.2536 -28
71600 -27.0975 -28
71700 -26.983 -28
71800 -27.0443 -28
71900 -27.3745 -28
72000 -27.7167 -28
72100 -28.1806 -28
72200 -28.9862 -28
72300 -29.493 -28
72400 -29.6208 -28
72500 -29.5226 -28
72600 -29.2691 -28
72700 -28.9794 -28
72800 -28.7469 -28
72900 -28.5187 -28
73000 -28.1931 -28
73100 -27.8353 -28
73200 -27.5514 -28
73300 -27.2949 -28
73400 -27.195 -28
73500 -27.338 -28
73600 -27.6581 -28
73700 -28.0264 -28
73800 -28.3703 -28
73900 -28.6176 -28
74000 -28.4362 -28
74100 -28.1588 -28
74200 -27.8856 -28
74300 -27.736 -28
74400 -27.8969 -28
74500 -28.015 -28
74600 -27.9937 -28
74700 -28.1732 -28
74800 -28.4253 -28
74900 -28.3149 -28
75000 -28.1465 -28
75100 -28.1311 -28
75200 -28.1874 -28
75300 -28.4297 -28
75400 -28.3227 -28
75500 -27.9407 -28
75600 -27.8269 -28
75700 -27.7254 -28
75800 -27.8846 -28
75900 -27.9558 -28
76000 -27.6761 -28
76100 -27.3544 -28
76200 -27.2306 -28
76300 -27.2201 -28
76400 -27.1141 -28
76500 -27.0919 -28
76600 -27.2781 -28
76700 -27.5654 -28
76800 -27.9011 -28
76900 -28.4018 -28
77000 -29.1306 -28
77100 -29.5085 -28
77200 -29.3324 -28
77300 -28.7796 -28
77400 -28.0134 -28
77500 -27.4876 -28
77600 -27.2655 -28
77700 -27.1303 -28
77800 -27.0578 -28
77900 -27.4858 -28
78000 -27.7693 -28
78100 -27.7098 -28
78200 -27.5628 -28
78300 -27.7597 -28
78400 -27.8195 -28
78500 -27.7498 -28
78600 -27.6845 -28
78700 -27.5395 -28
78800 -27.5349 -28
78900 -27.7745 -28
79000 -28.1686 -28
79100 -28.3977 -28
79200 -28.4282 -28
79300 -28.4743 -28
79400 -28.3777 -28
79500 -27.999 -28
79600 -27.7091 -28
79700 -27.6548 -28
79800 -27.8947 -28
79900 -27.9937 -28
80000 -28.2267 -28
80100 -28.4897 -28
80200 -28.4195 -28
80300 -28.3459 -28
80400 -28.1399 -28
80500 -27.8965 -28
80600 -27.7637 -28
80700 -27.5585 -28
80800 -27.4729 -28
80900 -27.6312 -28
81000 -27.871 -28
81100 -27.8924 -28
81200 -27.8226 -28
81300 -27.8389 -28
81400 -27.9167 -28
81500 -27.9692 -28
81600 -28.0701 -28
81700 -27.9956 -28
81800 -27.875 -28
81900 -27.7368 -28
82000 -27.437 -28
82100 -27.1889 -28
82200 -27.1282 -28
82300 -27.3877 -28
82400 -27.889 -28
82500 -28.5831 -28
82600 -29.0223 -28
82700 -28.8373 -28
82800 -28.4318 -28
82900 -28.1918 -28
83000 -28.4415 -28
83100 -28.5952 -28
83200 -28.5974 -28
83300 -28.5307 -28
83400 -28.2137 -28
83500 -27.6942 -28
83600 -27.2787 -28
83700 -26.976 -28
83800 -26.8778 -28
83900 -26.7596 -28
84000 -26.765 -28
84100 -26.8086 -28
84200 -26.7967 -28
84300 -26.5828 -28
84400 -26.4252 -28
84500 -26.268 -28
84600 -26.3823 -28
84700 -26.8489 -28
84800 -27.3567 -28
84900 -27.7885 -28
85000 -27.9313 -28
85100 -27.6601 -28
85200 -27.4396 -28
85300 -27.285 -28
85400 -27.4137 -28
85500 -27.7656 -28
85600 -28.3582 -28
85700 -28.6757 -28
85800 -28.7658 -28
85900 -28.8108 -28
86000 -28.5318 -28
86100 -28.2885 -28
86200 -28.1954 -28
86300 -28.0838 -28
86400 -28.1343 -28
86500 -28.2264 -28
86600 -28.0802 -28
86700 -27.7601 -28
86800 -27.5349 -28
86900 -27.1999 -28
87000 -26.9418 -28
87100 -26.7307 -28
87200 -26.5972 -28
87300 -26.9276 -28
87400 -27.2619 -28
87500 -27.3665 -28
87600 -27.5496 -28
87700 -27.4599 -28
87800 -27.3188 -28
87900 -27.2985 -28
88000 -27.1036 -28
88100 -27.1799 -28
88200 -27.6572 -28
88300 -28.0419 -28
88400 -28.3935 -28
88500 -28.4875 -28
88600 -28.437 -28
88700 -28.2787 -28
88800 -27.9223 -28
88900 -27.7066 -28
89000 -27.719 -28
89100 -27.9556 -28
89200 -27.9743 -28
89300 -27.7965 -28
89400 -27.7455 -28
89500 -27.5491 -28
89600 -27.3866 -28
89700 -27.2479 -28
89800 -27.056 -28
89900 -27.0321 -28
90000 -27.4149 -28
90100 -27.8275 -28
90200 -28.0542 -28
90300 -28.5115 -28
90400 -29.1017 -28
90500 -29.0331 -28
90600 -28.5541 -28
90700 -28.1032 -28
90800 -27.4953 -28
90900 -27.2211 -28
91000 -26.9055 -28
91100 -26.6736 -28
91200 -26.6921 -28
91300 -27.1339 -28
91400 -27.7011 -28
91500 -28.0691 -28
91600 -28.2715 -28
91700 -28.3897 -28
91800 -28.4085 -28
91900 -28.5061 -28
92000 -28.5798 -28
92100 -28.547 -28
92200 -28.6364 -28
92300 -28.7731 -28
92400 -28.8565 -28
92500 -28.9285 -28
92600 -28.5483 -28
92700 -28.0024 -28
92800 -27.517 -28
92900 -27.361 -28
93000 -27.2911 -28
93100 -27.2097 -28
93200 -27.4586 -28
93300 -27.7418 -28
93400 -27.8891 -28
93500 -27.7816 -28
93600 -27.7349 -28
93700 -27.9896 -28
93800 -28.4292 -28
93900 -28.7168 -28
94000 -28.6385 -28
94100 -28.1337 -28
94200 -27.7332 -28
94300 -27.5904 -28
94400 -27.6414 -28
94500 -27.6302 -28
94600 -27.416 -28
94700 -27.2147 -28
94800 -27.1433 -28
94900 -27.3369 -28
95000 -27.4154 -28
95100 -27.3938 -28
95200 -27.5824 -28
95300 -27.796 -28
95400 -28.0457 -28
95500 -28.4444 -28
95600 -28.644 -28
95700 -28.8102 -28
95800 -28.8403 -28
95900 -28.6157 -28
96000 -28.263 -28
96100 -27.7856 -28
96200 -27.2678 -28
96300 -26.9227 -28
96400 -26.6174 -28
96500 -26.3751 -28
96600 -26.1101 -28
96700 -25.9458 -28
96800 -26.2269 -28
96900 -26.6314 -28
97000 -27.3744 -28
97100 -28.182 -28
97200 -28.6922 -28
97300 -29.0193 -28
97400 -29.2294 -28
97500 -29.2112 -28
97600 -29.15 -28
97700 -29.0176 -28
97800 -28.8628 -28
97900 -28.5141 -28
98000 -28.4414 -28
98100 -28.3725 -28
98200 -28.3415 -28
98300 -28.4155 -28
98400 -28.5699 -28
98500 -28.6644 -28
98600 -28.6079 -28
98700 -28.2382 -28
98800 -28.012 -28
98900 -27.9045 -28
99000 -28.0685 -28
99100 -28.3502 -28
99200 -28.4031 -28
99300 -28.5124 -28
99400 -28.6396 -28
99500 -28.5186 -28
99600 -28.7688 -28
99700 -29.0338 -28
99800 -29.0363 -28
99900 -28.868 -28
100000 -28.6293 -28
100100 -28.3471 -28
100200 -27.9402 -28
100300 -27.711 -28
100400 -27.8671 -28
100500 -27.8196 -28
100600 -27.7288 -28
100700 -27.6893 -28
100800 -27.4324 -28
100900 -27.079 -28
101000 -26.9982 -28
101100 -27.2726 -28
101200 -27.4679 -28
101300 -27.8832 -28
101400 -28.1784 -28
101500 -28.552 -28
101600 -28.7457 -28
101700 -28.9031 -28
101800 -28.8832 -28
101900 -28.4602 -28
102000 -27.8163 -28
102100 -27.4859 -28
102200 -27.4106 -28
102300 -27.6498 -28
102400 -27.9241 -28
102500 -27.7098 -28
102600 -27.6906 -28
102700 -27.8236 -28
102800 -28.0236 -28
102900 -28.2581 -28
103000 -28.3912 -28
103100 -28.415 -28
103200 -28.3805 -28
103300 -28.4366 -28
103400 -28.5703 -28
103500 -28.8102 -28
103600 -28.8105 -28
103700 -28.9264 -28
103800 -28.9248 -28
103900 -29.0794 -28
104000 -28.8629 -28
104100 -28.5087 -28
104200 -28.0766 -28
104300 -27.3974 -28
104400 -26.9594 -28
104500 -26.9741 -28
104600 -27.1044 -28
104700 -27.3185 -28
104800 -27.559 -28
104900 -27.5553 -28
105000 -27.566 -28
105100 -27.745 -28
105200 -27.9794 -28
105300 -28.2016 -28
105400 -28.3284 -28
105500 -28.4181 -28
105600 -28.3697 -28
105700 -28.0059 -28
105800 -27.886 -28
105900 -27.9453 -28
106000 -27.8482 -28
106100 -27.4228 -28
106200 -27.1383 -28
106300 -27.4096 -28
106400 -27.8676 -28
106500 -28.2045 -28
106600 -28.5443 -28
106700 -28.7042 -28
106800 -28.7124 -28
106900 -28.6375 -28
107000 -28.5932 -28
107100 -28.5603 -28
107200 -28.2114 -28
107300 -28.2535 -28
107400 -28.4234 -28
107500 -28.354 -28
107600 -28.411 -28
107700 -28.6464 -28
107800 -28.7525 -28
107900 -28.6286 -28
108000 -28.414 -28
108100 -28.4399 -28
108200 -28.3344 -28
108300 -27.9995 -28
108400 -27.8988 -28
108500 -27.978 -28
108600 -28.1888 -28
108700 -28.2589 -28
108800 -28.0841 -28
108900 -27.9553 -28
109000 -27.898 -28
109100 -27.8655 -28
109200 -28.0301 -28
109300 -28.3608 -28
109400 -28.781 -28
109500 -28.9159 -28
109600 -28.9607 -28
109700 -28.7843 -28
109800 -28.3365 -28
109900 -27.7847 -28
110000 -27.397 -28
110100 -27.3319 -28
110200 -27.4047 -28
110300 -27.5609 -28
110400 -27.72 -28
110500 -27.4805 -28
110600 -27.2254 -28
110700 -26.972 -28
110800 -26.8163 -28
110900 -26.9447 -28
111000 -27.5543 -28
111100 -27.9803 -28
111200 -28.26 -28
111300 -28.5648 -28
111400 -28.8919 -28
111500 -29.2838 -28
111600 -29.7566 -28
111700 -29.7758 -28
111800 -29.0894 -28
111900 -28.288 -28
112000 -27.8343 -28
112100 -27.515 -28
112200 -27.2349 -28
112300 -27.0047 -28
112400 -26.8945 -28
112500 -27.0712 -28
112600 -27.4261 -28
112700 -27.9627 -28
112800 -28.4549 -28
112900 -28.5756 -28
113000 -28.2244 -28
113100 -27.8924 -28
113200 -27.6884 -28
113300 -27.5504 -28
113400 -27.6919 -28
113500 -27.9705 -28
113600 -28.3102 -28
113700 -28.6168 -28
113800 -28.9512 -28
113900 -29.048 -28
114000 -28.974 -28
114100 -28.6345 -28
114200 -28.4751 -28
114300 -28.4423 -28
114400 -28.5833 -28
114500 -28.5948 -28
114600 -28.8275 -28
114700 -29.2352 -28
114800 -29.3021 -28
114900 -29.0067 -28
115000 -28.5627 -28
115100 -28.2287 -28
115200 -27.9909 -28
115300 -27.8947 -28
115400 -27.664 -28
115500 -27.6243 -28
115600 -27.8186 -28
115700 -27.618 -28
115800 -27.4078 -28
115900 -27.6873 -28
116000 -28.1119 -28
116100 -28.3619 -28
116200 -28.8345 -28
116300 -29.2635 -28
116400 -29.1758 -28
116500 -28.8733 -28
116600 -28.6565 -28
116700 -28.6502 -28
116800 -28.792 -28
116900 -28.933 -28
117000 -28.3879 -28
117100 -27.8142 -28
117200 -27.4657 -28
117300 -27.3106 -28
117400 -27.1871 -28
117500 -27.2257 -28
117600 -27.0958 -28
117700 -27.1681 -28
117800 -27.261 -28
117900 -27.4886 -28
118000 -27.8953 -28
118100 -28.5734 -28
118200 -28.8762 -28
118300 -29.0057 -28
118400 -29.289 -28
118500 -29.2623 -28
118600 -29.0826 -28
118700 -28.756 -28
118800 -28.1736 -28
118900 -27.428 -28
119000 -26.969 -28
119100 -26.8599 -28
119200 -27.237 -28
119300 -27.7147 -28
119400 -28.0097 -28
119500 -27.9492 -28
119600 -27.7709 -28
119700 -27.7908 -28
119800 -27.9704 -28
119900 -28.1182 -28
120000 -28.5063 -28
120100 -28.6629 -28
120200 -28.5933 -28
120300 -28.598 -28
120400 -28.5933 -28
120500 -28.7102 -28
120600 -28.629 -28
120700 -28.4581 -28
120800 -28.5025 -28
120900 -28.6503 -28
121000 -28.4969 -28
121100 -28.136 -28
121200 -27.861 -28
121300 -27.7229 -28
121400 -27.5005 -28
121500 -27.2422 -28
121600 -27.1215 -28
121700 -27.2373 -28
121800 -27.6671 -28
121900 -28.0631 -28
122000 -28.2593 -28
122100 -28.1522 -28
122200 -27.9447 -28
122300 -27.6604 -28
122400 -27.1263 -28
122500 -26.9455 -28
122600 -26.8863 -28
122700 -26.9472 -28
122800 -27.3048 -28
122900 -28.1214 -28
123000 -28.8554 -28
123100 -29.0893 -28
123200 -28.9546 -28
123300 -28.3523 -28
123400 -28.0147 -28
123500 -27.7513 -28
123600 -27.6898 -28
123700 -27.8958 -28
123800 -28.1072 -28
123900 -28.1646 -28
124000 -28.1627 -28
124100 -28.146 -28
124200 -28.2287 -28
124300 -28.3112 -28
124400 -28.2059 -28
124500 -27.9151 -28
124600 -27.5295 -28
124700 -27.2793 -28
124800 -27.3411 -28
124900 -27.0953 -28
125000 -26.8529 -28
125100 -26.6742 -28
125200 -26.5872 -28
125300 -26.7242 -28
125400 -27.2835 -28
125500 -27.9489 -28
125600 -28.5985 -28
125700 -29.262 -28
125800 -29.5283 -28
125900 -29.2681 -28
126000 -28.9993 -28
126100 -28.6413 -28
126200 -28.4692 -28
126300 -28.595 -28
126400 -28.634 -28
126500 -28.5142 -28
126600 -28.136 -28
126700 -27.5878 -28
126800 -27.1931 -28
126900 -27.0782 -28
127000 -27.2969 -28
127100 -27.5879 -28
127200 -27.8764 -28
127300 -28.1088 -28
127400 -27.8362 -28
127500 -27.4093 -28
127600 -27.147 -28
127700 -27.0888 -28
127800 -26.9769 -28
127900 -26.9946 -28
128000 -27.2691 -28
128100 -27.7188 -28
128200 -27.8386 -28
128300 -27.8762 -28
128400 -28.1004 -28
128500 -28.3657 -28
128600 -28.4375 -28
128700 -28.4479 -28
128800 -28.4163 -28
128900 -28.3683 -28
129000 -28.4884 -28
129100 -28.3945 -28
129200 -27.6599 -28
129300 -27.0102 -28
129400 -26.8401 -28
129500 -26.8762 -28
129600 -27.1425 -28
129700 -27.42 -28
129800 -27.5688 -28
129900 -27.6186 -28
130000 -27.8448 -28
130100 -27.8339 -28
130200 -27.9213 -28
130300 -28.0369 -28
130400 -27.9059 -28
130500 -27.5207 -28
130600 -27.3207 -28
130700 -27.3266 -28
130800 -27.5613 -28
130900 -27.9194 -28
131000 -28.0654 -28
131100 -28.2522 -28
131200 -28.3436 -28
131300 -28.539 -28
131400 -28.8051 -28
131500 -28.8049 -28
131600 -28.5636 -28
131700 -28.0656 -28
131800 -28.0106 -28
131900 -28.3462 -28
132000 -28.4853 -28
132100 -28.1135 -28
132200 -27.6975 -28
132300 -27.6573 -28
132400 -27.6368 -28
132500 -27.3298 -28
132600 -26.9019 -28
132700 -26.9367 -28
132800 -27.0285 -28
132900 -27.5087 -28
133000 -27.924 -28
133100 -28.1868 -28
133200 -28.453 -28
133300 -28.5713 -28
133400 -28.6574 -28
133500 -28.6263 -28
133600 -28.2339 -28
133700 -27.8943 -28
133800 -27.7386 -28
133900 -27.9468 -28
134000 -28.0209 -28
134100 -27.9357 -28
134200 -28.1404 -28
134300 -28.1532 -28
134400 -28.1112 -28
134500 -28.1294 -28
134600 -28.0449 -28
134700 -27.9353 -28
134800 -27.9133 -28
134900 -27.6918 -28
135000 -27.3896 -28
135100 -27.0996 -28
135200 -27.0515 -28
135300 -27.3666 -28
135400 -27.6028 -28
135500 -27.7158 -28
135600 -27.9511 -28
135700 -28.0449 -28
135800 -27.8911 -28
135900 -27.6942 -28
136000 -27.7271 -28
136100 -27.6824 -28
136200 -27.7951 -28
136300 -28.0493 -28
136400 -28.2868 -28
136500 -28.7297 -28
136600 -29.2093 -28
136700 -29.3292 -28
136800 -29.1098 -28
136900 -28.755 -28
137000 -28.3058 -28
137100 -27.9251 -28
137200 -27.686 -28
137300 -27.4514 -28
137400 -27.4355 -28
137500 -27.5177 -28
137600 -27.6598 -28
137700 -27.5563 -28
137800 -27.3902 -28
137900 -27.3551 -28
138000 -27.5179 -28
138100 -27.8099 -28
138200 -28.099 -28
138300 -28.1626 -28
138400 -28.165 -28
138500 -28.2062 -28
138600 -28.3433 -28
138700 -28.4296 -28
138800 -28.4753 -28
138900 -28.6039 -28
139000 -28.7784 -28
139100 -29.0489 -28
139200 -28.9188 -28
139300 -28.8801 -28
139400 -28.8214 -28
139500 -28.4082 -28
139600 -27.6712 -28
139700 -27.1407 -28
139800 -26.788 -28
139900 -26.6039 -28
140000 -26.5106 -28
140100 -26.6707 -28
140200 -26.9376 -28
140300 -27.3101 -28
140400 -27.4261 -28
140500 -27.5281 -28
140600 -27.5443 -28
140700 -27.6705 -28
140800 -27.8515 -28
140900 -28.0514 -28
141000 -28.2726 -28
141100 -28.1815 -28
141200 -28.022 -28
141300 -28.0813 -28
141400 -28.1278 -28
141500 -28.0728 -28
141600 -28.1455 -28
141700 -28.1305 -28
141800 -28.1793 -28
141900 -28.0821 -28
142000 -28.1003 -28
142100 -28.0865 -28
142200 -28.4588 -28
142300 -28.611 -28
142400 -28.4554 -28
142500 -28.1337 -28
142600 -27.8545 -28
142700 -27.7871 -28
142800 -27.7956 -28
142900 -27.2284 -28
143000 -26.9036 -28
143100 -27.2005 -28
143200 -27.591 -28
143300 -27.9829 -28
143400 -28.2648 -28
143500 -28.491 -28
143600 -28.5216 -28
143700 -28.3541 -28
143800 -28.0808 -28
143900 -28.0641 -28
144000 -27.9742 -28
144100 -27.942 -28
144200 -28.0253 -28
144300 -28.3502 -28
144400 -28.7808 -28
144500 -29.1315 -28
144600 -29.2328 -28
144700 -29.2533 -28
144800 -29.0242 -28
144900 -28.7196 -28
145000 -28.6006 -28
145100 -28.5224 -28
145200 -28.4124 -28
145300 -28.2686 -28
145400 -28.0655 -28
145500 -27.9266 -28
145600 -28.0293 -28
145700 -28.1823 -28
145800 -28.101 -28
145900 -27.8121 -28
146000 -27.4665 -28
146100 -27.3566 -28
146200 -27.6498 -28
146300 -27.7648 -28
146400 -28.0864 -28
146500 -28.3813 -28
146600 -28.5534 -28
146700 -28.5961 -28
146800 -28.2976 -28
146900 -27.9989 -28
147000 -27.7589 -28
147100 -27.4502 -28
147200 -27.502 -28
147300 -27.6636 -28
147400 -27.8477 -28
147500 -28.0709 -28
147600 -28.1702 -28
147700 -28.0947 -28
147800 -28.0789 -28
147900 -28.5073 -28
148000 -28.7483 -28
148100 -28.4268 -28
148200 -28.1191 -28
148300 -27.742 -28
148400 -27.3981 -28
148500 -27.1424 -28
148600 -27.2743 -28
148700 -27.3808 -28
148800 -27.4633 -28
148900 -27.5172 -28
149000 -27.5626 -28
149100 -27.5345 -28
149200 -27.4629 -28
149300 -27.6414 -28
149400 -28.0826 -28
149500 -28.5508 -28
149600 -28.6311 -28
149700 -28.7682 -28
149800 -28.7688 -28
149900 -28.4394 -28
150000 -27.9985 -28
150100 -27.6674 -28
150200 -27.242 -28
150300 -27.0103 -28
150400 -27.1896 -28
150500 -27.7445 -28
150600 -28.1527 -28
150700 -28.5174 -28
150800 -28.6171 -28
150900 -28.8514 -28
151000 -28.9467 -28
151100 -28.7214 -28
151200 -28.2688 -28
151300 -27.7215 -28
151400 -27.339 -28
151500 -27.2533 -28
151600 -27.2814 -28
151700 -27.105 -28
151800 -27.0881 -28
151900 -27.2984 -28
152000 -27.3524 -28
152100 -27.2677 -28
152200 -27.3501 -28
152300 -27.6126 -28
152400 -27.9824 -28
152500 -28.4339 -28
152600 -28.6815 -28
152700 -28.8639 -28
152800 -28.9112 -28
152900 -28.5648 -28
153000 -28.358 -28
153100 -28.0918 -28
153200 -27.7855 -28
153300 -27.7664 -28
153400 -27.6695 -28
153500 -27.5706 -28
153600 -27.67 -28
153700 -27.75 -28
153800 -27.9817 -28
153900 -28.1391 -28
154000 -28.4911 -28
154100 -28.8561 -28
154200 -28.7911 -28
154300 -28.5489 -28
154400 -28.2778 -28
154500 -28.0063 -28
154600 -27.7362 -28
154700 -27.7646 -28
154800 -28.0891 -28
154900 -28.1413 -28
155000 -28.048 -28
155100 -28.0177 -28
155200 -27.9196 -28
155300 -27.5991 -28
155400 -27.2138 -28
155500 -27.0173 -28
155600 -27.2497 -28
155700 -27.5986 -28
155800 -27.8704 -28
155900 -28.0843 -28
156000 -28.0699 -28
156100 -27.9978 -28
156200 -27.8545 -28
156300 -27.7211 -28
156400 -27.5974 -28
156500 -27.3709 -28
156600 -27.2882 -28
156700 -27.1517 -28
156800 -27.0664 -28
156900 -27.2696 -28
157000 -27.6051 -28
157100 -27.6469 -28
157200 -27.3571 -28
157300 -26.9667 -28
157400 -26.8074 -28
157500 -26.8167 -28
157600 -27.0783 -28
157700 -27.4579 -28
157800 -27.689 -28
157900 -27.8914 -28
158000 -28.2342 -28
158100 -28.3731 -28
158200 -28.3151 -28
158300 -28.1256 -28
158400 -27.9634 -28
158500 -27.8784 -28
158600 -27.9289 -28
158700 -28.1624 -28
158800 -28.3589 -28
158900 -28.4393 -28
159000 -28.1077 -28
159100 -27.471 -28
159200 -27.1118 -28
159300 -27.112 -28
159400 -27.3759 -28
159500 -27.8366 -28
159600 -28.2543 -28
159700 -28.5463 -28
159800 -28.7661 -28
159900 -29.1022 -28
160000 -29.2583 -28
160100 -29.0283 -28
160200 -28.5909 -28
160300 -28.0902 -28
160400 -27.6288 -28
160500 -27.3229 -28
160600 -27.4497 -28
160700 -27.7418 -28
160800 -28.0241 -28
160900 -28.3172 -28
161000 -28.3784 -28
161100 -28.2332 -28
161200 -28.0032 -28
161300 -27.9471 -28
161400 -27.884 -28
161500 -28.0617 -28
161600 -28.3631 -28
161700 -28.5303 -28
161800 -28.462 -28
161900 -28.3764 -28
162000 -28.1771 -28
162100 -27.5965 -28
162200 -27.7047 -28
162300 -27.7954 -28
162400 -28.0692 -28
162500 -28.4682 -28
162600 -28.7151 -28
162700 -29.0102 -28
162800 -29.2576 -28
162900 -29.0264 -28
163000 -28.5949 -28
163100 -28.4164 -28
163200 -28.3116 -28
163300 -28.2453 -28
163400 -28.4169 -28
163500 -28.6395 -28
163600 -28.7559 -28
163700 -28.6671 -28
163800 -28.4189 -28
163900 -28.3473 -28
164000 -27.9208 -28
164100 -27.3611 -28
164200 -27.2409 -28
164300 -27.4575 -28
164400 -27.5366 -28
164500 -27.4059 -28
164600 -27.4393 -28
164700 -27.5707 -28
164800 -27.5655 -28
164900 -27.6035 -28
165000 -27.6344 -28
165100 -27.3458 -28
165200 -27.142 -28
165300 -27.3865 -28
165400 -27.8563 -28
165500 -28.0904 -28
165600 -28.2469 -28
165700 -28.3598 -28
165800 -28.4563 -28
165900 -28.4059 -28
166000 -28.1581 -28
166100 -27.8248 -28
166200 -27.559 -28
166300 -27.5036 -28
166400 -27.5995 -28
166500 -27.8591 -28
166600 -28.0666 -28
166700 -28.3795 -28
166800 -28.6334 -28
166900 -28.6382 -28
167000 -28.5766 -28
167100 -28.5126 -28
167200 -28.1966 -28
167300 -27.9124 -28
167400 -27.8464 -28
167500 -27.8613 -28
167600 -27.8856 -28
167700 -28.0919 -28
167800 -28.298 -28
167900 -28.1315 -28
168000 -28.0466 -28
168100 -28.1818 -28
168200 -28.213 -28
168300 -28.2313 -28
168400 -28.5224 -28
168500 -28.9523 -28
168600 -29.3995 -28
168700 -29.3742 -28
168800 -29.4176 -28
168900 -29.2229 -28
169000 -28.8223 -28
169100 -28.4709 -28
169200 -28.2706 -28
169300 -28.3594 -28
169400 -28.3424 -28
169500 -28.1479 -28
169600 -27.8321 -28
169700 -27.924 -28
169800 -28.1357 -28
169900 -28.203 -28
170000 -28.2702 -28
170100 -28.2072 -28
170200 -28.0231 -28
170300 -27.8955 -28
170400 -27.4199 -28
170500 -26.7007 -28
170600 -26.2849 -28
170700 -26.1558 -28
170800 -26.4821 -28
170900 -27.0298 -28
171000 -27.4358 -28
171100 -27.8284 -28
171200 -28.243 -28
171300 -28.5629 -28
171400 -28.7784 -28
171500 -28.5674 -28
171600 -28.12 -28
171700 -27.7471 -28
171800 -27.4809 -28
171900 -27.3043 -28
172000 -27.3292 -28
172100 -27.5833 -28
172200 -27.7577 -28
172300 -27.7729 -28
172400 -27.8974 -28
172500 -27.8565 -28
172600 -27.6589 -28
172700 -27.6889 -28
172800 -27.9131 -28
172900 -28.0381 -28
173000 -28.1799 -28
173100 -28.4823 -28
173200 -28.6324 -28
173300 -28.7203 -28
173400 -28.5934 -28
173500 -28.1629 -28
173600 -27.9043 -28
173700 -27.7601 -28
173800 -28.0219 -28
173900 -28.2111 -28
174000 -27.9698 -28
174100 -27.5883 -28
174200 -27.145 -28
174300 -26.8547 -28
174400 -26.7892 -28
174500 -26.8413 -28
174600 -27.2594 -28
174700 -27.7099 -28
174800 -27.725 -28
174900 -27.5338 -28
175000 -27.4727 -28
175100 -27.6151 -28
175200 -28.0776 -28
175300 -28.2513 -28
175400 -28.3123 -28
175500 -28.376 -28
175600 -28.5869 -28
175700 -28.8448 -28
175800 -28.981 -28
175900 -28.7426 -28
176000 -28.5043 -28
176100 -28.1074 -28
176200 -27.5161 -28
176300 -27.1216 -28
176400 -26.8394 -28
176500 -26.5401 -28
176600 -26.5427 -28
176700 -26.8766 -28
176800 -27.0593 -28
176900 -27.2136 -28
177000 -27.3629 -28
177100 -27.601 -28
177200 -28.0822 -28
177300 -28.7758 -28
177400 -29.1529 -28
177500 -28.9008 -28
177600 -28.4925 -28
177700 -28.0562 -28
177800 -27.7111 -28
177900 -27.5229 -28
178000 -27.5154 -28
178100 -27.464 -28
178200 -27.4732 -28
178300 -27.4252 -28
178400 -27.3665 -28
178500 -27.5131 -28
178600 -27.7776 -28
178700 -28.0186 -28
178800 -28.1091 -28
178900 -28.1669 -28
179000 -28.3243 -28
179100 -28.5761 -28
179200 -29.0757 -28
179300 -29.3991 -28
179400 -29.3594 -28
179500 -29.2256 -28
179600 -29.0205 -28
179700 -28.6045 -28
179800 -28.1726 -28
179900 -27.6936 -28
180000 -27.0986 -28
180100 -27.1919 -28
180200 -27.2852 -28
180300 -27.4472 -28
180400 -27.9684 -28
180500 -28.3111 -28
180600 -28.6399 -28
180700 -28.9184 -28
180800 -29.2866 -28
180900 -29.6035 -28
181000 -29.5049 -28
181100 -29.2415 -28
181200 -28.951 -28
181300 -28.5968 -28
181400 -28.3507 -28
181500 -28.2184 -28
181600 -28.2225 -28
181700 -28.0046 -28
181800 -27.8872 -28
181900 -27.7203 -28
182000 -27.5619 -28
182100 -27.661 -28
182200 -27.8137 -28
182300 -27.7668 -28
182400 -27.6531 -28
182500 -27.7774 -28
182600 -27.9088 -28
182700 -27.8649 -28
182800 -27.9289 -28
182900 -28.0155 -28
183000 -28.4222 -28
183100 -28.6784 -28
183200 -28.8346 -28
183300 -28.7996 -28
183400 -28.4735 -28
183500 -27.9712 -28
183600 -27.5518 -28
183700 -27.0281 -28
183800 -26.6043 -28
183900 -26.5027 -28
184000 -26.9838 -28
184100 -27.499 -28
184200 -27.9112 -28
184300 -28.6235 -28
184400 -29.2619 -28
184500 -29.3462 -28
184600 -29.2266 -28
184700 -28.8253 -28
184800 -28.3652 -28
184900 -28.1871 -28
185000 -28.2288 -28
185100 -27.9199 -28
185200 -27.3394 -28
185300 -26.8326 -28
185400 -26.7461 -28
185500 -27.1614 -28
185600 -27.8357 -28
185700 -28.3125 -28
185800 -28.5109 -28
185900 -28.5634 -28
186000 -28.4559 -28
186100 -28.5472 -28
186200 -28.5234 -28
186300 -28.3974 -28
186400 -28.0657 -28
186500 -27.7321 -28
186600 -27.5563 -28
186700 -27.6968 -28
186800 -28.0691 -28
186900 -28.1117 -28
187000 -28.1237 -28
187100 -28.1086 -28
187200 -28.2738 -28
187300 -28.4389 -28
187400 -28.5671 -28
187500 -28.5488 -28
187600 -28.4011 -28
187700 -28.1149 -28
187800 -27.8703 -28
187900 -27.8072 -28
188000 -27.7001 -28
188100 -27.7074 -28
188200 -28.0452 -28
188300 -28.2096 -28
188400 -28.3719 -28
188500 -28.4951 -28
188600 -28.5413 -28
188700 -28.2834 -28
188800 -27.8568 -28
188900 -27.6792 -28
189000 -27.782 -28
189100 -28.0019 -28
189200 -28.4395 -28
189300 -28.8513 -28
189400 -28.8861 -28
189500 -28.9574 -28
189600 -28.9998 -28
189700 -28.9742 -28
189800 -28.6345 -28
189900 -28.322 -28
190000 -28.3439 -28
190100 -28.0766 -28
190200 -28.0007 -28
190300 -28.0125 -28
190400 -27.9684 -28
190500 -28.0598 -28
190600 -28.2191 -28
190700 -28.2185 -28
190800 -27.8636 -28
190900 -27.4513 -28
191000 -27.0728 -28
191100 -27.0827 -28
191200 -27.443 -28
191300 -27.7606 -28
191400 -28.1101 -28
191500 -28.5972 -28
191600 -28.6045 -28
191700 -28.3819 -28
191800 -28.1107 -28
191900 -28.1677 -28
192000 -28.5408 -28
192100 -28.6964 -28
192200 -28.6323 -28
192300 -28.429 -28
192400 -28.2934 -28
192500 -28.2026 -28
192600 -28.3073 -28
192700 -28.4583 -28
192800 -28.4513 -28
192900 -28.4132 -28
193000 -28.2136 -28
193100 -28.2623 -28
193200 -28.3899 -28
193300 -28.3819 -28
193400 -27.9928 -28
193500 -27.8479 -28
193600 -27.8091 -28
193700 -27.806 -28
193800 -27.6719 -28
193900 -27.317 -28
194000 -27.2025 -28
194100 -27.2627 -28
194200 -27.3024 -28
194300 -27.4191 -28
194400 -27.6744 -28
194500 -27.9561 -28
194600 -27.9831 -28
194700 -27.8995 -28
194800 -27.9401 -28
194900 -27.9296 -28
195000 -28.0145 -28
195100 -28.2242 -28
195200 -28.6324 -28
195300 -29.0055 -28
195400 -29.2732 -28
195500 -29.3201 -28
195600 -29.1751 -28
195700 -28.9121 -28
195800 -28.6627 -28
195900 -28.3579 -28
196000 -27.9018 -28
196100 -27.3421 -28
196200 -26.7883 -28
196300 -26.5477 -28
196400 -26.8506 -28
196500 -27.3777 -28
196600 -28.0865 -28
196700 -28.5905 -28
196800 -28.875 -28
196900 -28.9487 -28
197000 -29.1259 -28
197100 -28.9977 -28
197200 -28.8462 -28
197300 -28.6064 -28
197400 -28.5129 -28
197500 -28.3371 -28
197600 -27.6755 -28
197700 -27.0621 -28
197800 -26.9814 -28
197900 -27.0863 -28
198000 -27.0912 -28
198100 -27.0349 -28
198200 -27.0241 -28
198300 -27.3416 -28
198400 -27.6657 -28
198500 -27.9311 -28
198600 -28.0587 -28
198700 -27.8743 -28
198800 -27.4121 -28
198900 -27.1911 -28
199000 -27.0191 -28
199100 -27.0477 -28
199200 -26.9117 -28
199300 -26.9203 -28
199400 -27.3317 -28
199500 -27.7224 -28
199600 -28.0226 -28
199700 -28.6112 -28
199800 -28.9787 -28
199900 -28.836 -28
200000 -28.6845 -28
200100 -28.5299 -28
200200 -28.4314 -28
200300 -28.4267 -28
200400 -28.4342 -28
200500 -28.4752 -28
200600 -28.4573 -28
200700 -28.4117 -28
200800 -28.2352 -28
200900 -27.9582 -28
201000 -27.7121 -28
201100 -27.3569 -28
201200 -27.0578 -28
201300 -26.6376 -28
201400 -26.6656 -28
201500 -27.141 -28
201600 -27.67 -28
201700 -27.7548 -28
201800 -27.675 -28
201900 -27.4328 -28
202000 -27.5034 -28
202100 -27.7663 -28
202200 -28.1905 -28
202300 -28.6227 -28
202400 -28.909 -28
202500 -29.0162 -28
202600 -28.988 -28
202700 -28.8156 -28
202800 -28.695 -28
202900 -28.4813 -28
203000 -28.1785 -28
203100 -27.8456 -28
203200 -27.5565 -28
203300 -27.3696 -28
203400 -27.1023 -28
203500 -26.9871 -28
203600 -27.4757 -28
203700 -28.1376 -28
203800 -28.6674 -28
203900 -28.8751 -28
204000 -29.0197 -28
204100 -28.959 -28
204200 -28.5289 -28
204300 -28.1094 -28
204400 -27.7233 -28
204500 -27.5765 -28
204600 -27.6734 -28
204700 -27.9588 -28
204800 -28.3388 -28
204900 -28.7767 -28
205000 -28.9197 -28
205100 -28.8719 -28
205200 -28.8923 -28
205300 -28.8785 -28
205400 -28.8561 -28
205500 -28.5627 -28
205600 -28.2348 -28
205700 -27.938 -28
205800 -27.6882 -28
205900 -27.462 -28
206000 -27.2378 -28
206100 -27.2096 -28
206200 -27.399 -28
206300 -27.8236 -28
206400 -28.6028 -28
206500 -29.182 -28
206600 -29.3933 -28
206700 -29.2929 -28
206800 -28.928 -28
206900 -28.3541 -28
207000 -28.093 -28
207100 -27.8833 -28
207200 -27.6245 -28
207300 -27.3424 -28
207400 -27.1851 -28
207500 -27.3536 -28
207600 -27.8767 -28
207700 -28.0394 -28
207800 -27.7756 -28
207900 -27.4196 -28
208000 -27.2033 -28
208100 -27.2409 -28
208200 -27.2894 -28
208300 -27.4614 -28
208400 -27.5734 -28
208500 -27.9143 -28
208600 -28.0634 -28
208700 -27.9903 -28
208800 -27.9931 -28
208900 -27.8389 -28
209000 -27.602 -28
209100 -27.3493 -28
209200 -27.2746 -28
209300 -27.4191 -28
209400 -27.9433 -28
209500 -28.546 -28
209600 -28.9094 -28
209700 -28.6482 -28
209800 -27.984 -28
209900 -27.4256 -28
210000 -26.8523 -28
210100 -26.5616 -28
210200 -26.5326 -28
210300 -26.9469 -28
210400 -27.4245 -28
210500 -27.9187 -28
210600 -28.258 -28
210700 -28.2591 -28
210800 -28.1843 -28
210900 -28.2464 -28
211000 -28.4337 -28
211100 -28.0589 -28
211200 -27.578 -28
211300 -27.5277 -28
211400 -27.4457 -28
211500 -27.495 -28
211600 -27.8003 -28
211700 -28.0238 -28
211800 -28.2423 -28
211900 -28.4281 -28
212000 -28.898 -28
212100 -29.2648 -28
212200 -29.2852 -28
212300 -28.8869 -28
212400 -28.5047 -28
212500 -28.0085 -28
212600 -27.6926 -28
212700 -27.3803 -28
212800 -27.3344 -28
212900 -27.3985 -28
213000 -27.1584 -28
213100 -26.7264 -28
213200 -26.2683 -28
213300 -26.1701 -28
213400 -26.6181 -28
213500 -27.3352 -28
213600 -28.1645 -28
213700 -28.6492 -28
213800 -28.5577 -28
213900 -28.2776 -28
214000 -28.2611 -28
214100 -28.5897 -28
214200 -28.9671 -28
214300 -29.0877 -28
214400 -28.7703 -28
214500 -28.4724 -28
214600 -28.0151 -28
214700 -27.3854 -28
214800 -26.8184 -28
214900 -26.5959 -28
215000 -26.847 -28
215100 -27.2921 -28
215200 -27.6934 -28
215300 -27.8824 -28
215400 -28.1006 -28
215500 -28.3356 -28
215600 -28.5841 -28
215700 -28.5722 -28
215800 -28.449 -28
215900 -28.3673 -28
216000 -28.1718 -28
216100 -27.9571 -28
216200 -27.5096 -28
216300 -27.0326 -28
216400 -27.061 -28
216500 -27.5113 -28
216600 -27.8244 -28
216700 -27.7822 -28
216800 -27.7643 -28
216900 -27.9106 -28
217000 -27.9202 -28
217100 -27.6368 -28
217200 -27.409 -28
217300 -27.2027 -28
217400 -27.1354 -28
217500 -27.2317 -28
217600 -27.4283 -28
217700 -27.671 -28
217800 -28.1989 -28
217900 -28.611 -28
218000 -28.9552 -28
218100 -29.0374 -28
218200 -28.9452 -28
218300 -28.5994 -28
218400 -28.3044 -28
218500 -28.0093 -28
218600 -27.7921 -28
218700 -27.6369 -28
218800 -27.6716 -28
218900 -27.6422 -28
219000 -27.7326 -28
219100 -27.86 -28
219200 -28.0041 -28
219300 -28.028 -28
219400 -28.0773 -28
219500 -27.9828 -28
219600 -27.8739 -28
219700 -27.8143 -28
219800 -27.7401 -28
219900 -27.8387 -28
220000 -28.0446 -28
220100 -28.1465 -28
220200 -28.3731 -28
220300 -28.2295 -28
220400 -28.1294 -28
220500 -28.0121 -28
220600 -27.8088 -28
220700 -27.5559 -28
220800 -27.4879 -28
220900 -27.6792 -28
221000 -28.1413 -28
221100 -28.4364 -28
221200 -28.507 -28
221300 -28.3401 -28
221400 -28.0735 -28
221500 -27.5695 -28
221600 -27.4303 -28
221700 -27.8412 -28
221800 -28.2857 -28
221900 -28.6798 -28
222000 -28.5669 -28
222100 -28.1991 -28
222200 -27.5691 -28
222300 -27.1324 -28
222400 -27.118 -28
222500 -27.5485 -28
222600 -28.2732 -28
222700 -28.7676 -28
222800 -28.7828 -28
222900 -28.4966 -28
223000 -28.1149 -28
223100 -27.7033 -28
223200 -27.5204 -28
223300 -27.6143 -28
223400 -27.8053 -28
223500 -28.2593 -28
223600 -28.8459 -28
223700 -29.2926 -28
223800 -29.0703 -28
223900 -28.4881 -28
224000 -27.8726 -28
224100 -27.29 -28
224200 -26.7664 -28
224300 -26.8601 -28
224400 -27.1207 -28
224500 -27.2003 -28
224600 -27.4416 -28
224700 -27.8203 -28
224800 -28.3217 -28
224900 -28.6371 -28
225000 -28.4416 -28
225100 -28.0429 -28
225200 -27.7272 -28
225300 -27.7363 -28
225400 -27.7202 -28
225500 -28.0813 -28
225600 -28.5202 -28
225700 -28.9662 -28
225800 -29.2922 -28
225900 -29.5853 -28
226000 -29.6683 -28
226100 -29.5238 -28
226200 -28.9313 -28
226300 -28.485 -28
226400 -28.1649 -28
226500 -27.8716 -28
226600 -27.9132 -28
226700 -28.2333 -28
226800 -28.6387 -28
226900 -28.8039 -28
227000 -28.9754 -28
227100 -29.2179 -28
227200 -29.0438 -28
227300 -28.6948 -28
227400 -28.0786 -28
227500 -27.3696 -28
227600 -26.9967 -28
227700 -26.913 -28
227800 -26.8342 -28
227900 -26.7939 -28
228000 -27.0082 -28
228100 -27.5569 -28
228200 -27.975 -28
228300 -28.373 -28
228400 -28.7565 -28
228500 -28.7509 -28
228600 -28.4285 -28
228700 -28.1363 -28
228800 -27.9315 -28
228900 -27.6755 -28
229000 -27.5732 -28
229100 -27.7011 -28
229200 -27.9385 -28
229300 -28.1526 -28
229400 -28.119 -28
229500 -28.2315 -28
229600 -28.5277 -28
229700 -28.5693 -28
229800 -28.4156 -28
229900 -28.2203 -28
230000 -28.0619 -28
230100 -28.0533 -28
230200 -28.4116 -28
230300 -28.7091 -28
230400 -28.7702 -28
230500 -28.6967 -28
230600 -28.682 -28
230700 -28.7325 -28
230800 -28.7118 -28
230900 -28.7814 -28
231000 -28.73 -28
231100 -28.5294 -28
231200 -28.0668 -28
231300 -27.6653 -28
231400 -27.4476 -28
231500 -27.3492 -28
231600 -27.2485 -28
231700 -27.4274 -28
231800 -27.4186 -28
231900 -27.3279 -28
232000 -27.3595 -28
232100 -27.5974 -28
232200 -27.5816 -28
232300 -27.2745 -28
232400 -27.0156 -28
232500 -27.2262 -28
232600 -27.7454 -28
232700 -28.3908 -28
232800 -28.8682 -28
232900 -29.1955 -28
233000 -29.3945 -28
233100 -29.3313 -28
233200 -29.3073 -28
233300 -29.1835 -28
233400 -28.9149 -28
233500 -28.8054 -28
233600 -28.8306 -28
233700 -28.6674 -28
233800 -28.2417 -28
233900 -27.9217 -28
234000 -27.8857 -28
234100 -27.764 -28
234200 -27.658 -28
234300 -28.0303 -28
234400 -28.3487 -28
234500 -28.6588 -28
234600 -28.5716 -28
234700 -28.2448 -28
234800 -28.2151 -28
234900 -28.2057 -28
235000 -28.0454 -28
235100 -27.858 -28
235200 -27.6646 -28
235300 -27.4295 -28
235400 -27.2538 -28
235500 -27.174 -28
235600 -26.968 -28
235700 -26.7192 -28
235800 -26.5449 -28
235900 -26.777 -28
236000 -27.514 -28
236100 -28.1618 -28
236200 -28.6315 -28
236300 -28.8722 -28
236400 -28.7492 -28
236500 -28.6654 -28
236600 -28.8306 -28
236700 -29.0447 -28
236800 -28.8278 -28
236900 -28.4444 -28
237000 -27.8737 -28
237100 -27.4617 -28
237200 -27.3056 -28
237300 -27.3156 -28
237400 -27.3153 -28
237500 -27.304 -28
237600 -27.1992 -28
237700 -26.8835 -28
237800 -26.6878 -28
237900 -26.813 -28
238000 -27.2857 -28
238100 -27.8211 -28
238200 -28.2164 -28
238300 -28.5674 -28
238400 -28.899 -28
238500 -29.2276 -28
238600 -29.5151 -28
238700 -29.5907 -28
238800 -29.2215 -28
238900 -28.6116 -28
239000 -27.8804 -28
239100 -27.3836 -28
239200 -27.1529 -28
239300 -27.215 -28
239400 -27.1757 -28
239500 -27.0734 -28
239600 -27.1159 -28
239700 -27.0699 -28
239800 -26.9778 -28
239900 -26.9461 -28
240000 -27.2394 -28
240100 -27.6623 -28
240200 -28.0951 -28
240300 -28.3678 -28
240400 -28.55 -28
240500 -28.7844 -28
240600 -29.0009 -28
240700 -28.9233 -28
240800 -28.4703 -28
240900 -27.9751 -28
241000 -27.6156 -28
241100 -27.5135 -28
241200 -27.5313 -28
241300 -27.5158 -28
241400 -27.3173 -28
241500 -27.3074 -28
241600 -27.5036 -28
241700 -27.5767 -28
241800 -27.7563 -28
241900 -28.119 -28
242000 -28.7878 -28
242100 -29.4466 -28
242200 -29.6457 -28
242300 -29.4668 -28
242400 -29.0171 -28
242500 -28.7867 -28
242600 -28.5659 -28
242700 -28.3313 -28
242800 -28.1584 -28
242900 -28.1727 -28
243000 -28.173 -28
243100 -28.4933 -28
243200 -28.932 -28
243300 -28.9849 -28
243400 -28.6849 -28
243500 -28.614 -28
243600 -28.4224 -28
243700 -28.0002 -28
243800 -27.6982 -28
243900 -27.5749 -28
244000 -27.7168 -28
244100 -28.1049 -28
244200 -28.5722 -28
244300 -28.7439 -28
244400 -28.7755 -28
244500 -28.7244 -28
244600 -28.6448 -28
244700 -28.565 -28
244800 -28.3663 -28
244900 -28.182 -28
245000 -27.8239 -28
245100 -27.4694 -28
245200 -27.4706 -28
245300 -27.7298 -28
245400 -28.0107 -28
245500 -28.2652 -28
245600 -28.4104 -28
245700 -28.6116 -28
245800 -28.8673 -28
245900 -29.1297 -28
246000 -29.5055 -28
246100 -29.2678 -28
246200 -28.5171 -28
246300 -27.654 -28
246400 -26.7742 -28
246500 -26.5852 -28
246600 -26.9057 -28
246700 -27.2658 -28
246800 -27.1964 -28
246900 -27.1002 -28
247000 -27.4659 -28
247100 -28.0551 -28
247200 -28.5045 -28
247300 -28.7387 -28
247400 -28.8395 -28
247500 -28.759 -28
247600 -28.2616 -28
247700 -27.6836 -28
247800 -27.3061 -28
247900 -27.2152 -28
248000 -27.1534 -28
248100 -27.2024 -28
248200 -27.4936 -28
248300 -27.7188 -28
248400 -27.7738 -28
248500 -27.6206 -28
248600 -27.4946 -28
248700 -27.6092 -28
248800 -28.0653 -28
248900 -28.4871 -28
249000 -28.7482 -28
249100 -28.9763 -28
249200 -29.1509 -28
249300 -29.0446 -28
249400 -28.8255 -28
249500 -28.5646 -28
249600 -28.0568 -28
249700 -27.5435 -28
249800 -27.4109 -28
249900 -27.2861 -28
250000 -27.3754 -28
250100 -27.5 -28
250200 -27.3961 -28
250300 -27.3697 -28
250400 -27.662 -28
250500 -27.7503 -28
250600 -27.7948 -28
250700 -27.9028 -28
250800 -27.8952 -28
250900 -27.7848 -28
251000 -27.7924 -28
251100 -27.8381 -28
251200 -27.9613 -28
251300 -27.7779 -28
251400 -27.6236 -28
251500 -27.685 -28
251600 -28.2579 -28
251700 -28.7081 -28
251800 -28.9934 -28
251900 -29.2379 -28
252000 -29.2078 -28
252100 -28.9812 -28
252200 -28.7438 -28
252300 -28.4817 -28
252400 -28.2006 -28
252500 -27.8295 -28
252600 -27.4845 -28
252700 -27.2626 -28
252800 -27.2601 -28
252900 -27.3027 -28
253000 -27.6101 -28
253100 -27.6948 -28
253200 -27.5286 -28
253300 -27.367 -28
253400 -27.6423 -28
253500 -28.0929 -28
253600 -28.645 -28
253700 -29.2681 -28
253800 -29.4913 -28
253900 -29.5914 -28
254000 -29.3576 -28
254100 -28.9476 -28
254200 -28.7549 -28
254300 -28.3979 -28
254400 -27.8823 -28
254500 -27.6243 -28
254600 -27.7091 -28
254700 -27.8057 -28
254800 -27.7455 -28
254900 -27.8307 -28
255000 -28.0621 -28
255100 -28.5266 -28
255200 -28.9949 -28
255300 -29.049 -28
255400 -28.6467 -28
255500 -27.9244 -28
255600 -27.2752 -28
255700 -27.0693 -28
255800 -27.0385 -28
255900 -26.921 -28
256000 -26.6499 -28
256100 -26.7684 -28
256200 -27.2339 -28
256300 -27.7396 -28
256400 -28.3327 -28
256500 -28.9625 -28
256600 -29.3392 -28
256700 -29.2373 -28
256800 -28.8549 -28
256900 -28.2965 -28
257000 -28.0694 -28
257100 -27.8458 -28
257200 -27.6065 -28
257300 -27.4067 -28
257400 -27.5569 -28
257500 -27.8174 -28
257600 -27.9138 -28
257700 -28.1667 -28
257800 -28.5988 -28
257900 -28.7282 -28
258000 -28.2592 -28
258100 -27.7181 -28
258200 -27.6143 -28
258300 -27.5832 -28
258400 -27.4784 -28
258500 -27.5781 -28
258600 -27.8119 -28
258700 -27.8975 -28
258800 -27.8596 -28
258900 -27.7878 -28
259000 -27.9426 -28
259100 -27.8229 -28
259200 -27.2347 -28
259300 -27.0105 -28
259400 -27.1692 -28
259500 -27.51 -28
259600 -27.9961 -28
259700 -28.5622 -28
259800 -28.6673 -28
259900 -28.4439 -28
260000 -28.2791 -28
260100 -28.2604 -28
260200 -28.5263 -28
260300 -28.9434 -28
260400 -29.1891 -28
260500 -29.3569 -28
260600 -29.0996 -28
260700 -28.5593 -28
260800 -28.1402 -28
260900 -27.8664 -28
261000 -27.5969 -28
261100 -27.5903 -28
261200 -27.851 -28
261300 -28.1581 -28
261400 -28.2811 -28
261500 -28.4483 -28
261600 -28.5237 -28
261700 -28.3205 -28
261800 -27.7912 -28
261900 -27.4996 -28
262000 -27.5732 -28
262100 -27.5726 -28
262200 -27.3701 -28
262300 -27.3207 -28
262400 -27.4751 -28
262500 -27.5479 -28
262600 -27.449 -28
262700 -27.5868 -28
262800 -28.0586 -28
262900 -28.9029 -28
263000 -29.4535 -28
263100 -29.5685 -28
263200 -29.0071 -28
263300 -28.503 -28
263400 -28.0795 -28
263500 -27.8617 -28
263600 -27.6673 -28
263700 -27.6194 -28
263800 -27.4289 -28
263900 -27.4325 -28
264000 -27.4417 -28
264100 -27.3615 -28
264200 -27.6056 -28
264300 -27.8701 -28
264400 -28.1267 -28
264500 -28.4268 -28
264600 -28.443 -28
264700 -28.2424 -28
264800 -28.0268 -28
264900 -27.9763 -28
265000 -28.0054 -28
265100 -27.7525 -28
265200 -27.3752 -28
265300 -27.0975 -28
265400 -26.702 -28
265500 -26.4866 -28
265600 -26.529 -28
265700 -26.7348 -28
265800 -27.0378 -28
265900 -27.3999 -28
266000 -27.4274 -28
266100 -27.2526 -28
266200 -27.3154 -28
266300 -27.669 -28
266400 -28.1568 -28
266500 -28.5372 -28
266600 -28.6149 -28
266700 -28.3867 -28
266800 -28.5026 -28
266900 -28.5667 -28
267000 -28.415 -28
267100 -28.224 -28
267200 -28.2735 -28
267300 -28.5449 -28
267400 -28.8666 -28
267500 -29.1271 -28
267600 -29.2547 -28
267700 -29.0894 -28
267800 -28.8329 -28
267900 -28.6303 -28
268000 -28.3206 -28
268100 -27.9458 -28
268200 -27.7346 -28
268300 -27.6763 -28
268400 -27.5703 -28
268500 -27.5074 -28
268600 -27.1872 -28
268700 -27.0185 -28
268800 -26.8027 -28
268900 -26.4457 -28
269000 -26.5561 -28
269100 -27.0737 -28
269200 -27.7448 -28
269300 -28.3352 -28
269400 -28.762 -28
269500 -29.0492 -28
269600 -29.0781 -28
269700 -28.849 -28
269800 -28.5633 -28
269900 -28.1567 -28
270000 -27.8239 -28
