# Time-averaged data for fix myat1
# TimeStep v_xave v_xdes
1610100 -0.190891 0
1610200 0.0948183 0
1610300 0.476379 0
1610400 0.813462 0
1610500 0.870891 0
1610600 0.477573 0
1610700 0.248902 0
1610800 -0.0723724 0
1610900 -0.0905616 0
1611000 -0.145754 0
1611100 -0.198811 0
1611200 -0.24849 0
1611300 -0.363412 0
1611400 -0.313676 0
1611500 -0.182407 0
1611600 -0.134637 0
1611700 -0.0549178 0
1611800 0.169806 0
1611900 0.548415 0
1612000 0.651044 0
1612100 0.505891 0
1612200 0.0556981 0
1612300 -0.294496 0
1612400 -0.442258 0
1612500 -0.536942 0
1612600 -0.427705 0
1612700 -0.264275 0
1612800 -0.0656564 0
1612900 0.248407 0
1613000 0.516287 0
1613100 0.918284 0
1613200 1.33885 0
1613300 1.29849 0
1613400 1.12971 0
1613500 1.05053 0
1613600 0.82138 0
1613700 0.478719 0
1613800 0.253044 0
1613900 0.11637 0
1614000 0.00766521 0
1614100 0.129036 0
1614200 0.294663 0
1614300 0.486191 0
1614400 0.730192 0
1614500 1.08622 0
1614600 1.10203 0
1614700 0.788438 0
1614800 0.403849 0
1614900 -0.0828661 0
1615000 -0.436656 0
1615100 -0.709856 0
1615200 -0.762361 0
1615300 -0.523137 0
1615400 -0.000922405 0
1615500 0.342787 0
1615600 0.462618 0
1615700 0.638595 0
1615800 0.857339 0
1615900 1.11185 0
1616000 1.14235 0
1616100 1.2111 0
1616200 1.05282 0
1616300 0.657362 0
1616400 0.416571 0
1616500 0.549627 0
1616600 0.787792 0
1616700 1.16673 0
1616800 1.41505 0
1616900 1.5417 0
1617000 1.46548 0
1617100 1.41055 0
1617200 1.43016 0
1617300 1.32946 0
1617400 1.36449 0
1617500 1.23891 0
1617600 0.687887 0
1617700 -0.0524869 0
1617800 -0.53588 0
1617900 -1.15319 0
1618000 -1.5985 0
1618100 -1.60618 0
1618200 -1.2739 0
1618300 -1.03406 0
1618400 -0.518924 0
1618500 0.121144 0
1618600 0.575838 0
1618700 0.777515 0
1618800 1.06166 0
1618900 1.0759 0
1619000 0.857421 0
1619100 0.366874 0
1619200 -0.142094 0
1619300 -0.193219 0
1619400 0.229777 0
1619500 0.668609 0
1619600 0.838586 0
1619700 0.967984 0
1619800 0.872211 0
1619900 0.660449 0
1620000 0.568154 0
1620100 0.477251 0
1620200 0.250855 0
1620300 0.0914973 0
1620400 -0.0119996 0
1620500 -0.13677 0
1620600 -0.301326 0
1620700 -0.352807 0
1620800 -0.0725883 0
1620900 -0.0898927 0
1621000 -0.233495 0
1621100 -0.316639 0
1621200 -0.391059 0
1621300 -0.509276 0
1621400 -0.345436 0
1621500 -0.135671 0
1621600 0.409963 0
1621700 1.13726 0
1621800 1.2576 0
1621900 0.809096 0
1622000 0.48412 0
1622100 0.156177 0
1622200 -0.0996601 0
1622300 -0.201426 0
1622400 -0.418447 0
1622500 -0.212948 0
1622600 -0.0436913 0
1622700 -0.164608 0
1622800 -0.541681 0
1622900 -0.926677 0
1623000 -1.08367 0
1623100 -0.978481 0
1623200 -0.916882 0
1623300 -0.744265 0
1623400 -0.713016 0
1623500 -0.989261 0
1623600 -1.15741 0
1623700 -1.12187 0
1623800 -1.0069 0
1623900 -0.899885 0
1624000 -0.798198 0
1624100 -0.553865 0
1624200 -0.235074 0
1624300 -0.234483 0
1624400 -0.172221 0
1624500 -0.0159026 0
1624600 -0.0773871 0
1624700 -0.206214 0
1624800 -0.204094 0
1624900 -0.0875379 0
1625000 -0.0330868 0
1625100 -0.253059 0
1625200 -0.262452 0
1625300 -0.0178533 0
1625400 0.12977 0
1625500 0.140132 0
1625600 0.181649 0
1625700 0.459308 0
1625800 0.716 0
1625900 0.602848 0
1626000 0.198216 0
1626100 -0.20233 0
1626200 -0.552118 0
1626300 -0.922822 0
1626400 -1.07444 0
1626500 -1.01609 0
1626600 -0.458196 0
1626700 0.32266 0
1626800 1.12117 0
1626900 1.60718 0
1627000 1.8103 0
1627100 1.71507 0
1627200 1.23 0
1627300 0.417082 0
1627400 -0.0708454 0
1627500 -0.080271 0
1627600 0.15469 0
1627700 0.388015 0
1627800 0.427039 0
1627900 0.257891 0
1628000 -0.0457855 0
1628100 -0.238238 0
1628200 -0.514501 0
1628300 -0.76195 0
1628400 -0.959232 0
1628500 -1.07637 0
1628600 -0.94128 0
1628700 -0.634425 0
1628800 -0.251123 0
1628900 0.249496 0
1629000 0.73079 0
1629100 0.677345 0
1629200 0.281199 0
1629300 -0.010194 0
1629400 -0.287917 0
1629500 -0.396496 0
1629600 -0.312729 0
1629700 -0.308411 0
1629800 -0.221564 0
1629900 -0.170821 0
1630000 -0.16027 0
1630100 -0.196685 0
1630200 -0.103797 0
1630300 0.022453 0
1630400 0.0998836 0
1630500 0.290591 0
1630600 0.594409 0
1630700 0.859226 0
1630800 0.869691 0
1630900 0.947848 0
1631000 0.941573 0
1631100 0.831202 0
1631200 0.540259 0
1631300 0.166794 0
1631400 -0.0418561 0
1631500 0.00701754 0
1631600 0.132849 0
1631700 0.221159 0
1631800 0.238812 0
1631900 0.320299 0
1632000 0.600446 0
1632100 0.688328 0
1632200 0.451348 0
1632300 0.181192 0
1632400 0.0119877 0
1632500 0.0772529 0
1632600 0.540428 0
1632700 0.937601 0
1632800 0.936169 0
1632900 0.513271 0
1633000 -0.0879089 0
1633100 -0.340616 0
1633200 -0.266123 0
1633300 -0.0481113 0
1633400 0.0493531 0
1633500 0.0785736 0
1633600 -0.071222 0
1633700 -0.147358 0
1633800 0.121009 0
1633900 0.326292 0
1634000 0.50542 0
1634100 0.80124 0
1634200 1.32126 0
1634300 1.72064 0
1634400 1.77161 0
1634500 1.94233 0
1634600 1.78339 0
1634700 1.59757 0
1634800 1.18414 0
1634900 0.546575 0
1635000 -0.254457 0
1635100 -0.991619 0
1635200 -1.70772 0
1635300 -2.16292 0
1635400 -2.2349 0
1635500 -1.89287 0
1635600 -1.34354 0
1635700 -0.833298 0
1635800 -0.269148 0
1635900 0.497893 0
1636000 1.02745 0
1636100 1.12617 0
1636200 0.960493 0
1636300 0.728578 0
1636400 0.221912 0
1636500 -0.293019 0
1636600 -0.435587 0
1636700 -0.517353 0
1636800 -0.475105 0
1636900 -0.253881 0
1637000 -0.236658 0
1637100 -0.677186 0
1637200 -0.989133 0
1637300 -0.829135 0
1637400 -0.48882 0
1637500 -0.153946 0
1637600 -0.113283 0
1637700 -0.128203 0
1637800 -0.196882 0
1637900 -0.46694 0
1638000 -0.501345 0
1638100 -0.314904 0
1638200 0.0291791 0
1638300 0.434201 0
1638400 0.795075 0
1638500 1.13831 0
1638600 0.958979 0
1638700 0.626725 0
1638800 0.718415 0
1638900 0.717139 0
1639000 0.686859 0
1639100 0.463972 0
1639200 0.0611602 0
1639300 -0.370549 0
1639400 -0.746715 0
1639500 -1.01549 0
1639600 -1.18799 0
1639700 -1.10563 0
1639800 -0.502739 0
1639900 0.0854813 0
1640000 0.75774 0
1640100 1.20071 0
1640200 1.26268 0
1640300 0.863271 0
1640400 0.145645 0
1640500 -0.538825 0
1640600 -1.03909 0
1640700 -1.27057 0
1640800 -1.32226 0
1640900 -1.31113 0
1641000 -1.19672 0
1641100 -0.764607 0
1641200 -0.4329 0
1641300 -0.0874699 0
1641400 0.304901 0
1641500 0.649581 0
1641600 0.765238 0
1641700 0.660062 0
1641800 -0.0279384 0
1641900 -0.623454 0
1642000 -0.717497 0
1642100 -0.644592 0
1642200 -0.43483 0
1642300 -0.385145 0
1642400 -0.470586 0
1642500 -0.553215 0
1642600 -0.542467 0
1642700 -0.64524 0
1642800 -0.580028 0
1642900 -0.682833 0
1643000 -0.817372 0
1643100 -0.906443 0
1643200 -0.693278 0
1643300 -0.281365 0
1643400 0.162236 0
1643500 0.458257 0
1643600 0.593702 0
1643700 0.489657 0
1643800 0.576839 0
1643900 0.752192 0
1644000 0.545684 0
1644100 0.202398 0
1644200 0.213398 0
1644300 0.247567 0
1644400 -0.38518 0
1644500 -1.19627 0
1644600 -1.72583 0
1644700 -1.87861 0
1644800 -1.57515 0
1644900 -1.0795 0
1645000 -0.296237 0
1645100 0.201248 0
1645200 0.568463 0
1645300 0.837187 0
1645400 0.997574 0
1645500 0.950945 0
1645600 0.67259 0
1645700 0.253305 0
1645800 -0.316251 0
1645900 -0.630004 0
1646000 -0.717155 0
1646100 -0.377084 0
1646200 0.00875189 0
1646300 0.365284 0
1646400 0.836031 0
1646500 1.1207 0
1646600 0.946192 0
1646700 0.639415 0
1646800 0.335421 0
1646900 0.168658 0
1647000 -0.0739659 0
1647100 -0.445178 0
1647200 -0.747746 0
1647300 -0.796631 0
1647400 -0.4602 0
1647500 0.157434 0
1647600 0.836012 0
1647700 1.3572 0
1647800 1.38902 0
1647900 1.14385 0
1648000 1.05579 0
1648100 1.01209 0
1648200 0.852233 0
1648300 0.612244 0
1648400 0.511062 0
1648500 0.530314 0
1648600 0.442871 0
1648700 0.41768 0
1648800 0.328901 0
1648900 0.355128 0
1649000 0.340596 0
1649100 0.289542 0
1649200 0.389876 0
1649300 0.552318 0
1649400 0.51252 0
1649500 0.405568 0
1649600 0.332463 0
1649700 0.19322 0
1649800 0.0922112 0
1649900 0.00916867 0
1650000 -0.0868008 0
1650100 -0.162235 0
1650200 -0.169751 0
1650300 -0.106518 0
1650400 0.0933907 0
1650500 0.0443805 0
1650600 0.0422155 0
1650700 0.266728 0
1650800 0.46452 0
1650900 0.551209 0
1651000 0.308929 0
1651100 0.258337 0
1651200 0.323421 0
1651300 0.682819 0
1651400 0.999879 0
1651500 1.17644 0
1651600 0.998025 0
1651700 0.523706 0
1651800 0.43321 0
1651900 0.758592 0
1652000 0.696596 0
1652100 0.125388 0
1652200 -0.495587 0
1652300 -0.818788 0
1652400 -0.757148 0
1652500 -0.683679 0
1652600 -0.62456 0
1652700 -0.460094 0
1652800 -0.206571 0
1652900 0.189666 0
1653000 0.488248 0
1653100 0.708934 0
1653200 0.52982 0
1653300 0.165788 0
1653400 0.0534811 0
1653500 -0.0682206 0
1653600 -0.112869 0
1653700 -0.0486241 0
1653800 0.225775 0
1653900 0.402046 0
1654000 0.416359 0
1654100 0.0565944 0
1654200 -0.411995 0
1654300 -0.944781 0
1654400 -1.29202 0
1654500 -1.217 0
1654600 -1.0387 0
1654700 -0.797744 0
1654800 -0.356544 0
1654900 0.00376605 0
1655000 0.138821 0
1655100 0.279339 0
1655200 0.0692887 0
1655300 -0.614571 0
1655400 -1.00344 0
1655500 -0.696093 0
1655600 -0.295013 0
1655700 0.00813727 0
1655800 0.0450614 0
1655900 0.00639416 0
1656000 0.118327 0
1656100 0.356375 0
1656200 0.74964 0
1656300 1.02079 0
1656400 0.929093 0
1656500 0.618332 0
1656600 0.205197 0
1656700 -0.313616 0
1656800 -0.441941 0
1656900 -0.0828464 0
1657000 0.292025 0
1657100 0.636598 0
1657200 0.488175 0
1657300 0.250474 0
1657400 0.195945 0
1657500 0.241013 0
1657600 0.112206 0
1657700 0.342378 0
1657800 0.584491 0
1657900 0.627239 0
1658000 0.527616 0
1658100 0.458103 0
1658200 0.19687 0
1658300 -0.317755 0
1658400 -0.965478 0
1658500 -1.5969 0
1658600 -1.87502 0
1658700 -1.78128 0
1658800 -1.56386 0
1658900 -1.19372 0
1659000 -0.772572 0
1659100 -0.487464 0
1659200 -0.337591 0
1659300 -0.286291 0
1659400 -0.283971 0
1659500 -0.106778 0
1659600 -0.0710704 0
1659700 -0.128811 0
1659800 -0.132941 0
1659900 -0.113972 0
1660000 -0.308518 0
1660100 -0.511981 0
1660200 -0.546749 0
1660300 -0.548234 0
1660400 -0.43156 0
1660500 -0.319908 0
1660600 0.128385 0
1660700 0.436634 0
1660800 0.701734 0
1660900 1.00506 0
1661000 0.881569 0
1661100 0.901125 0
1661200 1.06893 0
1661300 0.898056 0
1661400 0.536333 0
1661500 0.188586 0
1661600 -0.0401455 0
1661700 0.00143422 0
1661800 0.301341 0
1661900 0.643858 0
1662000 0.836065 0
1662100 0.728057 0
1662200 0.352715 0
1662300 -0.0445244 0
1662400 -0.289026 0
1662500 -0.227658 0
1662600 -0.0197304 0
1662700 0.0192014 0
1662800 0.177166 0
1662900 0.506054 0
1663000 0.904383 0
1663100 1.12686 0
1663200 1.07334 0
1663300 0.855323 0
1663400 0.421073 0
1663500 -0.082781 0
1663600 -0.527274 0
1663700 -0.776168 0
1663800 -0.906124 0
1663900 -1.07853 0
1664000 -1.1789 0
1664100 -0.999783 0
1664200 -0.751755 0
1664300 -0.443504 0
1664400 -0.0105962 0
1664500 0.435473 0
1664600 0.541121 0
1664700 0.293151 0
1664800 0.084051 0
1664900 -0.0629537 0
1665000 -0.138237 0
1665100 -0.0129193 0
1665200 0.082247 0
1665300 0.5305 0
1665400 1.04412 0
1665500 1.49143 0
1665600 1.66721 0
1665700 1.53848 0
1665800 1.17617 0
1665900 0.855414 0
1666000 0.496372 0
1666100 0.13746 0
1666200 -0.223179 0
1666300 -0.385504 0
1666400 -0.373771 0
1666500 -0.484634 0
1666600 -0.345483 0
1666700 -0.136091 0
1666800 0.0552889 0
1666900 0.104394 0
1667000 0.0891199 0
1667100 0.0359236 0
1667200 0.307535 0
1667300 0.7835 0
1667400 1.08827 0
1667500 1.32842 0
1667600 1.31733 0
1667700 0.931454 0
1667800 0.32565 0
1667900 -0.130626 0
1668000 -0.380839 0
1668100 -0.515215 0
1668200 -0.458865 0
1668300 -0.223363 0
1668400 0.0724502 0
1668500 0.39057 0
1668600 0.751958 0
1668700 0.943305 0
1668800 1.08088 0
1668900 1.19416 0
1669000 1.13259 0
1669100 0.873655 0
1669200 0.587006 0
1669300 0.343902 0
1669400 0.137343 0
1669500 -0.0091669 0
1669600 -0.231705 0
1669700 -0.341142 0
1669800 0.0363848 0
1669900 0.345024 0
1670000 0.38786 0
1670100 0.496563 0
1670200 0.395337 0
1670300 0.111536 0
1670400 -0.258425 0
1670500 -0.372545 0
1670600 -0.279918 0
1670700 -0.178486 0
1670800 -0.0641019 0
1670900 0.129433 0
1671000 0.0878744 0
1671100 -0.12685 0
1671200 -0.173969 0
1671300 -0.0498465 0
1671400 0.149583 0
1671500 0.311776 0
1671600 0.355553 0
1671700 0.372199 0
1671800 0.264891 0
1671900 0.218827 0
1672000 0.18743 0
1672100 0.0205806 0
1672200 -0.201385 0
1672300 -0.486082 0
1672400 -0.720872 0
1672500 -0.399699 0
1672600 -0.0324774 0
1672700 0.331017 0
1672800 0.450728 0
1672900 0.460421 0
1673000 0.333873 0
1673100 0.187322 0
1673200 0.412284 0
1673300 0.716818 0
1673400 0.876072 0
1673500 1.17301 0
1673600 1.18398 0
1673700 0.838035 0
1673800 0.449942 0
1673900 -0.122688 0
1674000 -0.900964 0
1674100 -1.32944 0
1674200 -1.30729 0
1674300 -0.892993 0
1674400 -0.301706 0
1674500 0.138402 0
1674600 0.276401 0
1674700 0.248147 0
1674800 0.266452 0
1674900 0.206359 0
1675000 0.223735 0
1675100 0.142524 0
1675200 0.0872831 0
1675300 -0.058244 0
1675400 -0.43898 0
1675500 -0.71872 0
1675600 -0.64405 0
1675700 -0.593765 0
1675800 -0.586541 0
1675900 -0.322284 0
1676000 -0.00261956 0
1676100 0.224239 0
1676200 0.348234 0
1676300 0.340048 0
1676400 0.0014395 0
1676500 -0.257695 0
1676600 -0.553086 0
1676700 -0.648241 0
1676800 -0.531656 0
1676900 -0.270424 0
1677000 -0.234614 0
1677100 -0.4184 0
1677200 -0.601366 0
1677300 -0.598463 0
1677400 -0.532835 0
1677500 -0.529148 0
1677600 -0.530495 0
1677700 -0.522252 0
1677800 -0.676669 0
1677900 -0.928384 0
1678000 -1.39492 0
1678100 -1.66458 0
1678200 -1.43369 0
1678300 -0.998661 0
1678400 -0.694629 0
1678500 -0.350384 0
1678600 0.00156505 0
1678700 0.388818 0
1678800 0.60469 0
1678900 0.550979 0
1679000 0.16016 0
1679100 -0.221462 0
1679200 -0.269718 0
1679300 -0.295823 0
1679400 -0.307355 0
1679500 -0.0716634 0
1679600 0.305486 0
1679700 0.388594 0
1679800 0.424356 0
1679900 0.728787 0
1680000 0.92443 0
1680100 0.61423 0
1680200 0.197266 0
1680300 0.0423304 0
1680400 0.144333 0
1680500 0.200695 0
1680600 0.0152793 0
1680700 -0.275848 0
1680800 -0.501951 0
1680900 -0.281238 0
1681000 0.0971105 0
1681100 0.490668 0
1681200 0.832682 0
1681300 1.10451 0
1681400 1.57569 0
1681500 1.46739 0
1681600 1.06546 0
1681700 0.671336 0
1681800 0.0753027 0
1681900 -0.530036 0
1682000 -0.899525 0
1682100 -1.15264 0
1682200 -1.10487 0
1682300 -0.525519 0
1682400 0.38474 0
1682500 1.43125 0
1682600 1.87667 0
1682700 1.68421 0
1682800 1.14117 0
1682900 0.489415 0
1683000 0.0773784 0
1683100 -0.199779 0
1683200 -0.595992 0
1683300 -0.701681 0
1683400 -0.756904 0
1683500 -0.958108 0
1683600 -1.12314 0
1683700 -1.00751 0
1683800 -0.643354 0
1683900 -0.33124 0
1684000 -0.0450211 0
1684100 0.0477025 0
1684200 0.0506346 0
1684300 0.156417 0
1684400 0.426728 0
1684500 0.537956 0
1684600 0.733014 0
1684700 0.740436 0
1684800 0.567962 0
1684900 0.411793 0
1685000 0.33805 0
1685100 0.0957151 0
1685200 0.0170906 0
1685300 0.188879 0
1685400 0.585589 0
1685500 1.15634 0
1685600 1.41262 0
1685700 1.28879 0
1685800 1.14162 0
1685900 0.985833 0
1686000 0.770937 0
1686100 0.435073 0
1686200 0.456228 0
1686300 0.480043 0
1686400 0.366823 0
1686500 0.305499 0
1686600 0.554303 0
1686700 0.526488 0
1686800 -0.0463234 0
1686900 -0.37808 0
1687000 -0.345241 0
1687100 -0.231815 0
1687200 -0.31396 0
1687300 -0.268349 0
1687400 -0.140106 0
1687500 0.0190572 0
1687600 0.440009 0
1687700 0.963299 0
1687800 1.1235 0
1687900 0.851738 0
1688000 0.368151 0
1688100 -0.262301 0
1688200 -0.716748 0
1688300 -0.94024 0
1688400 -0.830876 0
1688500 -0.82638 0
1688600 -0.813165 0
1688700 -0.650537 0
1688800 -0.651237 0
1688900 -0.775785 0
1689000 -0.97998 0
1689100 -1.02525 0
1689200 -0.831371 0
1689300 -0.31641 0
1689400 0.157788 0
1689500 0.526516 0
1689600 0.819314 0
1689700 1.07454 0
1689800 1.20702 0
1689900 1.22886 0
1690000 1.00592 0
1690100 0.583518 0
1690200 -0.0521581 0
1690300 -0.693408 0
1690400 -0.811489 0
1690500 -1.02255 0
1690600 -1.13179 0
1690700 -1.06298 0
1690800 -0.865358 0
1690900 -0.479176 0
1691000 0.0190996 0
1691100 0.413935 0
1691200 0.616436 0
1691300 0.438902 0
1691400 0.17141 0
1691500 -0.172322 0
1691600 -0.396159 0
1691700 -0.605958 0
1691800 -0.563531 0
1691900 -0.556895 0
1692000 -0.536241 0
1692100 -0.43037 0
1692200 -0.429681 0
1692300 -0.448257 0
1692400 -0.370473 0
1692500 -0.305504 0
1692600 -0.285848 0
1692700 -0.380993 0
1692800 -0.144422 0
1692900 0.157284 0
1693000 0.510422 0
1693100 0.692036 0
1693200 0.440539 0
1693300 0.0438937 0
1693400 -0.476332 0
1693500 -0.915934 0
1693600 -1.07304 0
1693700 -1.35087 0
1693800 -1.58147 0
1693900 -1.43898 0
1694000 -1.32857 0
1694100 -1.26245 0
1694200 -0.92768 0
1694300 -0.683581 0
1694400 -0.396436 0
1694500 0.0406651 0
1694600 0.175811 0
1694700 0.0988235 0
1694800 0.0438946 0
1694900 -0.164002 0
1695000 -0.466818 0
1695100 -0.764443 0
1695200 -0.680076 0
1695300 -0.469615 0
1695400 -0.41888 0
1695500 -0.424815 0
1695600 -0.410431 0
1695700 -0.0933202 0
1695800 0.272541 0
1695900 0.258164 0
1696000 0.0548535 0
1696100 -0.324252 0
1696200 -0.350526 0
1696300 -0.0114297 0
1696400 0.288769 0
1696500 0.482031 0
1696600 0.808662 0
1696700 0.973768 0
1696800 0.811519 0
1696900 0.512343 0
1697000 0.12051 0
1697100 -0.438391 0
1697200 -0.964061 0
1697300 -1.32778 0
1697400 -1.48444 0
1697500 -1.24408 0
1697600 -0.738629 0
1697700 -0.231532 0
1697800 0.290403 0
1697900 0.86265 0
1698000 1.30306 0
1698100 1.30177 0
1698200 0.939674 0
1698300 0.541626 0
1698400 0.25162 0
1698500 -0.120982 0
1698600 -0.296206 0
1698700 -0.348712 0
1698800 -0.470629 0
1698900 -0.320703 0
1699000 -0.280199 0
1699100 -0.236654 0
1699200 -0.13329 0
1699300 -0.099158 0
1699400 -0.123079 0
1699500 -0.219567 0
1699600 -0.120596 0
1699700 0.241727 0
1699800 0.682266 0
1699900 0.902438 0
1700000 0.680714 0
1700100 -9.15942e-05 0
1700200 -0.80422 0
1700300 -1.36661 0
1700400 -1.66386 0
1700500 -1.71084 0
1700600 -1.58839 0
1700700 -1.33181 0
1700800 -1.12829 0
1700900 -1.02086 0
1701000 -0.99594 0
1701100 -1.05583 0
1701200 -0.77514 0
1701300 -0.663597 0
1701400 -0.720503 0
1701500 -0.811012 0
1701600 -0.885349 0
1701700 -0.640339 0
1701800 -0.342928 0
1701900 -0.265361 0
1702000 -0.130732 0
1702100 0.159243 0
1702200 0.120313 0
1702300 -0.108874 0
1702400 -0.494684 0
1702500 -0.784042 0
1702600 -0.767388 0
1702700 -0.472784 0
1702800 -0.141557 0
1702900 0.0578927 0
1703000 0.122223 0
1703100 -0.0437647 0
1703200 -0.251004 0
1703300 -0.532433 0
1703400 -0.65564 0
1703500 -0.429906 0
1703600 -0.188808 0
1703700 0.336652 0
1703800 0.821203 0
1703900 1.15825 0
1704000 1.51176 0
1704100 1.73073 0
1704200 1.60262 0
1704300 1.11387 0
1704400 0.385254 0
1704500 -0.180817 0
1704600 -0.58669 0
1704700 -1.0163 0
1704800 -1.12818 0
1704900 -1.01362 0
1705000 -1.03235 0
1705100 -0.895545 0
1705200 -0.518896 0
1705300 0.310426 0
1705400 0.91673 0
1705500 0.796971 0
1705600 0.51822 0
1705700 0.275344 0
1705800 0.289016 0
1705900 0.487339 0
1706000 0.417216 0
1706100 0.0150151 0
1706200 -0.205761 0
1706300 -0.171247 0
1706400 -0.0175983 0
1706500 0.0747004 0
1706600 -0.0875866 0
1706700 -0.407285 0
1706800 -0.632455 0
1706900 -0.812209 0
1707000 -0.984111 0
1707100 -1.17975 0
1707200 -1.30476 0
1707300 -1.12061 0
1707400 -0.718569 0
1707500 -0.566008 0
1707600 -0.570529 0
1707700 -0.616159 0
1707800 -0.177588 0
1707900 0.229878 0
1708000 0.252454 0
1708100 0.119287 0
1708200 -0.0181531 0
1708300 -0.106719 0
1708400 -0.170082 0
1708500 -0.09943 0
1708600 -0.194563 0
1708700 -0.0723 0
1708800 0.298468 0
1708900 0.44532 0
1709000 0.263108 0
1709100 0.0817873 0
1709200 0.0673115 0
1709300 0.0460883 0
1709400 -0.0347608 0
1709500 0.0731545 0
1709600 0.471304 0
1709700 0.572436 0
1709800 0.441064 0
1709900 0.202199 0
1710000 -0.0869162 0
1710100 -0.222931 0
1710200 -0.155918 0
1710300 -0.0873089 0
1710400 -0.24472 0
1710500 -0.437609 0
1710600 -0.78482 0
1710700 -1.04001 0
1710800 -0.980917 0
1710900 -0.660222 0
1711000 -0.444738 0
1711100 -0.260617 0
1711200 0.0795887 0
1711300 0.133192 0
1711400 -0.104307 0
1711500 -0.462686 0
1711600 -0.65793 0
1711700 -0.866861 0
1711800 -1.17657 0
1711900 -1.66086 0
1712000 -2.17499 0
1712100 -2.27464 0
1712200 -1.69413 0
1712300 -1.03098 0
1712400 -0.569223 0
1712500 -0.147614 0
1712600 0.237389 0
1712700 0.425112 0
1712800 0.54842 0
1712900 0.50269 0
1713000 0.103617 0
1713100 -0.398166 0
1713200 -0.897993 0
1713300 -1.13788 0
1713400 -1.24023 0
1713500 -0.98271 0
1713600 -0.778079 0
1713700 -0.528413 0
1713800 -0.49455 0
1713900 -0.432038 0
1714000 -0.169929 0
1714100 0.322451 0
1714200 0.85191 0
1714300 1.09422 0
1714400 0.943844 0
1714500 0.699713 0
1714600 0.731859 0
1714700 0.928685 0
1714800 1.06907 0
1714900 1.05769 0
1715000 0.936395 0
1715100 0.894224 0
1715200 0.963476 0
1715300 1.08511 0
1715400 0.989282 0
1715500 0.596421 0
1715600 0.127263 0
1715700 -0.0809863 0
1715800 0.0640084 0
1715900 0.234141 0
1716000 0.248319 0
1716100 0.182615 0
1716200 0.12368 0
1716300 0.0761603 0
1716400 0.136908 0
1716500 0.288908 0
1716600 0.345736 0
1716700 0.0257644 0
1716800 -0.539139 0
1716900 -0.886268 0
1717000 -0.833576 0
1717100 -0.683975 0
1717200 -0.400659 0
1717300 0.0863637 0
1717400 0.492626 0
1717500 0.760738 0
1717600 0.986921 0
1717700 0.929743 0
1717800 0.671279 0
1717900 0.283358 0
1718000 0.00546909 0
1718100 -0.242611 0
1718200 -0.525368 0
1718300 -0.817896 0
1718400 -0.817669 0
1718500 -0.522931 0
1718600 -0.292562 0
1718700 -0.0876326 0
1718800 -0.0379526 0
1718900 -0.185778 0
1719000 -0.496633 0
1719100 -0.914776 0
1719200 -1.09505 0
1719300 -0.856317 0
1719400 -0.639776 0
1719500 -0.720573 0
1719600 -0.670141 0
1719700 -0.233421 0
1719800 0.385164 0
1719900 1.03441 0
1720000 1.18271 0
1720100 0.809379 0
1720200 0.284179 0
1720300 -0.249602 0
1720400 -0.595945 0
1720500 -0.642994 0
1720600 -0.629321 0
1720700 -0.59845 0
1720800 -0.378621 0
1720900 0.169408 0
1721000 0.355459 0
1721100 0.201171 0
1721200 0.128329 0
1721300 0.392413 0
1721400 0.431812 0
1721500 0.14088 0
1721600 -0.0115804 0
1721700 -0.188243 0
1721800 -0.330834 0
1721900 -0.445815 0
1722000 -0.488917 0
1722100 -0.664236 0
1722200 -0.71275 0
1722300 -0.788734 0
1722400 -0.902197 0
1722500 -0.914251 0
1722600 -0.689527 0
1722700 -0.400561 0
1722800 -0.368504 0
1722900 -0.33584 0
1723000 -0.0644849 0
1723100 -0.107534 0
1723200 -0.335372 0
1723300 -0.535591 0
1723400 -0.602714 0
1723500 -0.488141 0
1723600 -0.0881608 0
1723700 0.525235 0
1723800 0.849196 0
1723900 0.851129 0
1724000 0.944507 0
1724100 0.990881 0
1724200 1.06924 0
1724300 0.769124 0
1724400 0.281345 0
1724500 -0.225963 0
1724600 -0.425963 0
1724700 -0.402659 0
1724800 -0.355369 0
1724900 -0.0298104 0
1725000 0.386734 0
1725100 0.648511 0
1725200 0.557137 0
1725300 0.428617 0
1725400 0.194931 0
1725500 -0.345404 0
1725600 -0.90646 0
1725700 -1.23654 0
1725800 -1.41781 0
1725900 -1.45306 0
1726000 -1.10648 0
1726100 -0.587762 0
1726200 0.0491942 0
1726300 0.455108 0
1726400 0.37625 0
1726500 0.228821 0
1726600 -0.00740898 0
1726700 -0.314289 0
1726800 -0.607067 0
1726900 -0.757499 0
1727000 -0.785155 0
1727100 -0.876603 0
1727200 -1.01077 0
1727300 -0.759707 0
1727400 -0.157283 0
1727500 0.163566 0
1727600 0.321947 0
1727700 0.37116 0
1727800 0.202823 0
1727900 0.055126 0
1728000 -0.0949418 0
1728100 -0.0778031 0
1728200 -0.220473 0
1728300 -0.361113 0
1728400 -0.489168 0
1728500 -0.620709 0
1728600 -0.560087 0
1728700 -0.485404 0
1728800 -0.372315 0
1728900 -0.457523 0
1729000 -0.614182 0
1729100 -0.614325 0
1729200 -0.337684 0
1729300 0.0754358 0
1729400 0.44341 0
1729500 0.761463 0
1729600 0.965689 0
1729700 0.84688 0
1729800 0.541997 0
1729900 0.121297 0
1730000 -0.190491 0
1730100 -0.415579 0
1730200 -0.310304 0
1730300 -0.0769984 0
1730400 -0.0673861 0
1730500 0.0210758 0
1730600 0.19476 0
1730700 0.288981 0
1730800 0.297306 0
1730900 0.149903 0
1731000 -0.388992 0
1731100 -0.89227 0
1731200 -1.13991 0
1731300 -1.20711 0
1731400 -1.24609 0
1731500 -1.19186 0
1731600 -1.19853 0
1731700 -1.07253 0
1731800 -0.917333 0
1731900 -0.663969 0
1732000 -0.364152 0
1732100 0.203278 0
1732200 0.291078 0
1732300 0.106215 0
1732400 -0.0377478 0
1732500 -0.0749036 0
1732600 -0.126556 0
1732700 -0.16625 0
1732800 -0.306782 0
1732900 -0.544277 0
1733000 -0.518241 0
1733100 0.0816489 0
1733200 0.636554 0
1733300 0.702364 0
1733400 0.466463 0
1733500 0.1359 0
1733600 0.0581743 0
1733700 -0.141671 0
1733800 -0.25655 0
1733900 -0.0564341 0
1734000 0.168265 0
1734100 0.194048 0
1734200 0.0713221 0
1734300 -0.0292618 0
1734400 -0.134385 0
1734500 0.10557 0
1734600 0.195418 0
1734700 -0.0314974 0
1734800 -0.427499 0
1734900 -0.555668 0
1735000 -0.686855 0
1735100 -0.864707 0
1735200 -0.767978 0
1735300 -0.457128 0
1735400 -0.224773 0
1735500 0.354244 0
1735600 0.920614 0
1735700 1.22479 0
1735800 1.08976 0
1735900 0.837863 0
1736000 0.658046 0
1736100 0.680598 0
1736200 0.518845 0
1736300 0.360457 0
1736400 0.250691 0
1736500 0.0691948 0
1736600 -0.525752 0
1736700 -1.28018 0
1736800 -1.85854 0
1736900 -2.42703 0
1737000 -2.40024 0
1737100 -2.05055 0
1737200 -1.7167 0
1737300 -1.53158 0
1737400 -1.31823 0
1737500 -1.20208 0
1737600 -0.897352 0
1737700 -0.549202 0
1737800 -0.165634 0
1737900 0.43067 0
1738000 0.849747 0
1738100 0.921406 0
1738200 0.653464 0
1738300 0.467175 0
1738400 0.0473595 0
1738500 -0.553454 0
1738600 -1.18299 0
1738700 -1.68428 0
1738800 -1.91367 0
1738900 -1.78081 0
1739000 -1.53373 0
1739100 -1.0412 0
1739200 -0.348567 0
1739300 0.452226 0
1739400 0.868462 0
1739500 0.712894 0
1739600 0.220036 0
1739700 -0.182024 0
1739800 -0.286427 0
1739900 -0.418239 0
1740000 -0.549651 0
1740100 -0.663571 0
1740200 -0.520669 0
1740300 -0.314239 0
1740400 -0.286157 0
1740500 -0.272649 0
1740600 -0.598771 0
1740700 -0.664981 0
1740800 -0.491245 0
1740900 -0.121486 0
1741000 0.00569548 0
1741100 -0.116657 0
1741200 -0.0877902 0
1741300 0.0339384 0
1741400 0.0453008 0
1741500 -0.0671795 0
1741600 -0.189249 0
1741700 -0.119055 0
1741800 0.167304 0
1741900 0.564081 0
1742000 0.860525 0
1742100 0.903288 0
1742200 0.920598 0
1742300 0.83286 0
1742400 0.617423 0
1742500 0.46551 0
1742600 0.352272 0
1742700 0.265092 0
1742800 -0.00203312 0
1742900 -0.0151647 0
1743000 0.348902 0
1743100 0.611033 0
1743200 0.724749 0
1743300 0.59945 0
1743400 0.266334 0
1743500 -0.048088 0
1743600 0.0140857 0
1743700 0.499652 0
1743800 1.01083 0
1743900 1.32647 0
1744000 1.39699 0
1744100 1.03028 0
1744200 0.616756 0
1744300 0.0943552 0
1744400 -0.538758 0
1744500 -1.01616 0
1744600 -0.852313 0
1744700 -0.344147 0
1744800 0.182009 0
1744900 0.420642 0
1745000 0.477307 0
1745100 0.646683 0
1745200 0.754416 0
1745300 0.776939 0
1745400 0.654575 0
1745500 0.494315 0
1745600 0.4354 0
1745700 0.505919 0
1745800 0.424592 0
1745900 0.124933 0
1746000 -0.1588 0
1746100 -0.21684 0
1746200 0.0818053 0
1746300 0.337912 0
1746400 0.192646 0
1746500 -0.0929171 0
1746600 -0.482276 0
1746700 -0.650056 0
1746800 -0.553694 0
1746900 -0.473438 0
1747000 -0.085699 0
1747100 0.326495 0
1747200 0.607713 0
1747300 0.512928 0
1747400 0.353493 0
1747500 0.263281 0
1747600 -0.0497863 0
1747700 -0.256335 0
1747800 -0.522055 0
1747900 -0.606544 0
1748000 -0.32961 0
1748100 0.101676 0
1748200 0.399746 0
1748300 0.55048 0
1748400 0.280299 0
1748500 0.0523934 0
1748600 -0.000970081 0
1748700 -0.0942158 0
1748800 -0.165383 0
1748900 -0.172457 0
1749000 -0.0750109 0
1749100 0.18766 0
1749200 0.627908 0
1749300 1.29447 0
1749400 1.72035 0
1749500 1.59106 0
1749600 0.871504 0
1749700 0.191826 0
1749800 -0.225872 0
1749900 -0.312166 0
1750000 -0.398341 0
1750100 -0.636892 0
1750200 -0.601071 0
1750300 -0.33976 0
1750400 0.0534734 0
1750500 0.438756 0
1750600 0.462558 0
1750700 0.206619 0
1750800 -0.0200211 0
1750900 -0.111852 0
1751000 -0.041425 0
1751100 0.213628 0
1751200 0.229997 0
1751300 0.206247 0
1751400 0.49637 0
1751500 0.864118 0
1751600 1.24282 0
1751700 1.42148 0
1751800 1.34935 0
1751900 1.00474 0
1752000 0.402729 0
1752100 -0.0991236 0
1752200 -0.387228 0
1752300 -0.715958 0
1752400 -0.781033 0
1752500 -0.796163 0
1752600 -1.03407 0
1752700 -1.12141 0
1752800 -1.03761 0
1752900 -1.0745 0
1753000 -1.2072 0
1753100 -1.21042 0
1753200 -1.15481 0
1753300 -0.916373 0
1753400 -0.320765 0
1753500 0.216383 0
1753600 0.595801 0
1753700 0.430817 0
1753800 -0.177742 0
1753900 -0.749975 0
1754000 -0.991018 0
1754100 -0.965996 0
1754200 -0.845876 0
1754300 -0.712537 0
1754400 -0.567569 0
1754500 -0.42122 0
1754600 -0.479411 0
1754700 -0.323931 0
1754800 -0.107999 0
1754900 0.167247 0
1755000 0.361719 0
1755100 0.462028 0
1755200 0.510931 0
1755300 0.427692 0
1755400 0.0294296 0
1755500 -0.601749 0
1755600 -0.788463 0
1755700 -0.682162 0
1755800 -0.794569 0
1755900 -0.75219 0
1756000 -0.753404 0
1756100 -0.566207 0
1756200 -0.229066 0
1756300 -0.181356 0
1756400 -0.0543321 0
1756500 0.244863 0
1756600 0.692491 0
1756700 0.828443 0
1756800 0.772725 0
1756900 0.792168 0
1757000 0.687924 0
1757100 0.591253 0
1757200 0.211858 0
1757300 -0.153803 0
1757400 -0.493139 0
1757500 -0.668337 0
1757600 -0.30208 0
1757700 0.150205 0
1757800 0.238236 0
1757900 0.150346 0
1758000 -0.20486 0
1758100 -0.541343 0
1758200 -0.589324 0
1758300 -0.354737 0
1758400 -0.0145335 0
1758500 0.44838 0
1758600 0.676177 0
1758700 0.636402 0
1758800 0.438044 0
1758900 0.447596 0
1759000 0.541427 0
1759100 0.3256 0
1759200 -0.234296 0
1759300 -0.679781 0
1759400 -0.953941 0
1759500 -1.21421 0
1759600 -1.25585 0
1759700 -0.943996 0
1759800 -0.726829 0
1759900 -0.371486 0
1760000 -0.0410182 0
1760100 0.186642 0
1760200 0.468223 0
1760300 0.640071 0
1760400 0.530109 0
1760500 0.141018 0
1760600 -0.334914 0
1760700 -0.32932 0
1760800 -0.17114 0
1760900 -0.154865 0
1761000 -0.130372 0
1761100 -0.129041 0
1761200 -0.280311 0
1761300 -0.465119 0
1761400 -0.504706 0
1761500 -0.243123 0
1761600 0.100496 0
1761700 0.420061 0
1761800 0.658195 0
1761900 0.52658 0
1762000 0.0867119 0
1762100 -0.420073 0
1762200 -0.545231 0
1762300 -0.372989 0
1762400 -0.205465 0
1762500 -0.123464 0
1762600 -0.295069 0
1762700 -0.314423 0
1762800 -0.0890915 0
1762900 0.130871 0
1763000 0.0994769 0
1763100 0.0663674 0
1763200 0.0273662 0
1763300 0.0458879 0
1763400 0.347948 0
1763500 0.722604 0
1763600 0.877266 0
1763700 1.2063 0
1763800 1.1376 0
1763900 0.637616 0
1764000 -0.131085 0
1764100 -1.13909 0
1764200 -2.07981 0
1764300 -2.37259 0
1764400 -2.00047 0
1764500 -1.56272 0
1764600 -1.2126 0
1764700 -1.0838 0
1764800 -0.830028 0
1764900 -0.455095 0
1765000 0.0257078 0
1765100 0.281282 0
1765200 0.363064 0
1765300 0.589855 0
1765400 0.689876 0
1765500 0.761024 0
1765600 0.843619 0
1765700 0.961684 0
1765800 0.883906 0
1765900 0.743192 0
1766000 0.606557 0
1766100 0.523866 0
1766200 0.688373 0
1766300 0.758327 0
1766400 0.898039 0
1766500 0.890885 0
1766600 0.609198 0
1766700 0.102127 0
1766800 -0.45702 0
1766900 -0.83539 0
1767000 -1.17446 0
1767100 -0.984731 0
1767200 -0.61819 0
1767300 -0.39727 0
1767400 -0.107784 0
1767500 0.277345 0
1767600 0.696264 0
1767700 1.07143 0
1767800 1.02614 0
1767900 0.594006 0
1768000 -0.160244 0
1768100 -0.625783 0
1768200 -1.05066 0
1768300 -1.25013 0
1768400 -1.26048 0
1768500 -1.25461 0
1768600 -0.862773 0
1768700 -0.275445 0
1768800 -0.0576391 0
1768900 -0.202644 0
1769000 -0.185853 0
1769100 0.0615352 0
1769200 0.260974 0
1769300 0.194975 0
1769400 0.0603949 0
1769500 0.0859727 0
1769600 0.265594 0
1769700 0.398728 0
1769800 0.57871 0
1769900 0.39533 0
1770000 -0.013024 0
1770100 -0.246818 0
1770200 -0.301568 0
1770300 -0.291216 0
1770400 -0.315528 0
1770500 -0.183156 0
1770600 -0.0388205 0
1770700 -0.295491 0
1770800 -0.501433 0
1770900 -0.72695 0
1771000 -0.989368 0
1771100 -1.10201 0
1771200 -1.15231 0
1771300 -1.15248 0
1771400 -0.750936 0
1771500 -0.23106 0
1771600 0.103937 0
1771700 0.387268 0
1771800 0.610743 0
1771900 0.809949 0
1772000 0.821845 0
1772100 0.468422 0
1772200 0.0159924 0
1772300 -0.053315 0
1772400 0.174186 0
1772500 0.257758 0
1772600 0.220854 0
1772700 0.25407 0
1772800 0.230235 0
1772900 0.0519662 0
1773000 -0.441569 0
1773100 -0.97791 0
1773200 -1.20801 0
1773300 -1.18234 0
1773400 -0.928618 0
1773500 -0.543987 0
1773600 -0.293815 0
1773700 -0.151635 0
1773800 0.0880348 0
1773900 0.0692967 0
1774000 0.0664166 0
1774100 0.314636 0
1774200 0.322454 0
1774300 0.00984145 0
1774400 -0.347729 0
1774500 -0.571603 0
1774600 -0.718627 0
1774700 -0.726744 0
1774800 -0.643501 0
1774900 -0.579433 0
1775000 -0.421595 0
1775100 -0.172815 0
1775200 0.201545 0
1775300 0.302862 0
1775400 0.395309 0
1775500 0.357953 0
1775600 0.341327 0
1775700 0.245284 0
1775800 0.00321001 0
1775900 -0.329666 0
1776000 -0.552641 0
1776100 -0.495306 0
1776200 -0.194131 0
1776300 0.297353 0
1776400 0.604378 0
1776500 0.692397 0
1776600 0.581064 0
1776700 0.452942 0
1776800 0.364932 0
1776900 0.287103 0
1777000 0.278663 0
1777100 0.255311 0
1777200 0.211261 0
1777300 0.138751 0
1777400 -0.070113 0
1777500 -0.0524645 0
1777600 -0.0187722 0
1777700 -0.179587 0
1777800 -0.206293 0
1777900 -0.309692 0
1778000 -0.458095 0
1778100 -0.636871 0
1778200 -0.886163 0
1778300 -1.12355 0
1778400 -1.25035 0
1778500 -1.25344 0
1778600 -0.969964 0
1778700 -0.518521 0
1778800 0.139896 0
1778900 0.596578 0
1779000 0.461294 0
1779100 0.0690529 0
1779200 -0.242084 0
1779300 -0.442964 0
1779400 -0.72973 0
1779500 -1.06591 0
1779600 -1.24492 0
1779700 -1.17815 0
1779800 -1.11197 0
1779900 -1.19811 0
1780000 -1.18719 0
1780100 -1.00796 0
1780200 -0.750669 0
1780300 -0.523189 0
1780400 -0.0699268 0
1780500 0.428514 0
1780600 0.754579 0
1780700 1.03585 0
1780800 0.948975 0
1780900 0.63339 0
1781000 0.131951 0
1781100 -0.386868 0
1781200 -0.772924 0
1781300 -0.954865 0
1781400 -0.976831 0
1781500 -0.727696 0
1781600 -0.603294 0
1781700 -0.459485 0
1781800 -0.36233 0
1781900 -0.452505 0
1782000 -0.611612 0
1782100 -0.689349 0
1782200 -0.580474 0
1782300 -0.544147 0
1782400 -0.414851 0
1782500 -0.160549 0
1782600 0.0215974 0
1782700 0.154046 0
1782800 0.183595 0
1782900 0.161604 0
1783000 0.343173 0
1783100 0.207685 0
1783200 -0.118051 0
1783300 -0.16825 0
1783400 0.0688611 0
1783500 0.424202 0
1783600 0.735358 0
1783700 0.919851 0
1783800 0.704339 0
1783900 0.681306 0
1784000 1.03783 0
1784100 1.24301 0
1784200 1.09579 0
1784300 0.569427 0
1784400 -0.0248479 0
1784500 -0.453762 0
1784600 -0.400026 0
1784700 -0.102959 0
1784800 0.260233 0
1784900 0.557194 0
1785000 0.42483 0
1785100 0.177091 0
1785200 -0.0140036 0
1785300 -0.140636 0
1785400 0.11045 0
1785500 0.530913 0
1785600 0.842211 0
1785700 1.10755 0
1785800 1.11084 0
1785900 0.939816 0
1786000 0.567984 0
1786100 0.280432 0
1786200 0.342785 0
1786300 0.644527 0
1786400 0.751264 0
1786500 0.584334 0
1786600 0.272513 0
1786700 0.0258836 0
1786800 -0.147756 0
1786900 -0.400228 0
1787000 -0.515407 0
1787100 -0.479462 0
1787200 -0.281854 0
1787300 0.0252187 0
1787400 0.108171 0
1787500 0.150067 0
1787600 0.272843 0
1787700 0.398959 0
1787800 0.348126 0
1787900 0.36152 0
1788000 0.414287 0
1788100 0.426278 0
1788200 0.193418 0
1788300 0.113304 0
1788400 0.188348 0
1788500 0.0842985 0
1788600 -0.130129 0
1788700 -0.189882 0
1788800 -0.19656 0
1788900 -0.0100622 0
1789000 -0.0684941 0
1789100 -0.41668 0
1789200 -0.721721 0
1789300 -1.15244 0
1789400 -1.12296 0
1789500 -0.682588 0
1789600 -0.251409 0
1789700 0.248237 0
1789800 0.607269 0
1789900 0.981039 0
1790000 1.31625 0
1790100 1.24392 0
1790200 0.907237 0
1790300 0.590255 0
1790400 0.343172 0
1790500 0.140407 0
1790600 -0.181917 0
1790700 -0.0964521 0
1790800 0.0275227 0
1790900 0.289651 0
1791000 0.770811 0
1791100 1.16189 0
1791200 1.21185 0
1791300 1.19769 0
1791400 0.95675 0
1791500 0.749784 0
1791600 0.501737 0
1791700 0.155972 0
1791800 -0.580468 0
1791900 -0.947999 0
1792000 -0.911885 0
1792100 -0.582837 0
1792200 -0.292507 0
1792300 -0.0662664 0
1792400 0.0156181 0
1792500 0.0329515 0
1792600 0.0624442 0
1792700 -0.151171 0
1792800 -0.168843 0
1792900 0.11606 0
1793000 0.240525 0
1793100 0.121121 0
1793200 0.034991 0
1793300 -0.0352587 0
1793400 -0.200945 0
1793500 -0.0632883 0
1793600 0.165122 0
1793700 0.221909 0
1793800 0.423296 0
1793900 0.576775 0
1794000 0.461898 0
1794100 0.444248 0
1794200 0.636324 0
1794300 0.7365 0
1794400 0.769765 0
1794500 0.868916 0
1794600 0.815297 0
1794700 0.669212 0
1794800 0.465729 0
1794900 0.241266 0
1795000 0.162667 0
1795100 0.103017 0
1795200 0.214642 0
1795300 0.396911 0
1795400 0.803368 0
1795500 1.20519 0
1795600 1.33704 0
1795700 1.02765 0
1795800 0.791575 0
1795900 0.703264 0
1796000 0.456851 0
1796100 0.202947 0
1796200 -0.0920836 0
1796300 -0.308548 0
1796400 -0.275125 0
1796500 -0.271772 0
1796600 -0.288874 0
1796700 -0.298424 0
1796800 -0.109929 0
1796900 0.323033 0
1797000 0.789964 0
1797100 0.89412 0
1797200 0.799478 0
1797300 0.636893 0
1797400 0.552631 0
1797500 0.525782 0
1797600 0.397759 0
1797700 0.181486 0
1797800 0.00949713 0
1797900 -0.270244 0
1798000 -0.45023 0
1798100 -0.344038 0
1798200 -0.312497 0
1798300 -0.533219 0
1798400 -0.706259 0
1798500 -0.605828 0
1798600 -0.539689 0
1798700 -0.538482 0
1798800 -0.669787 0
1798900 -0.570227 0
1799000 -0.165606 0
1799100 0.427928 0
1799200 0.438121 0
1799300 -0.038489 0
1799400 -0.340205 0
1799500 -0.0144706 0
1799600 0.742756 0
1799700 1.40605 0
1799800 1.48034 0
1799900 1.24536 0
1800000 0.896999 0
1800100 0.691387 0
1800200 0.569775 0
1800300 0.206676 0
1800400 -0.217715 0
1800500 -0.495871 0
1800600 -0.587641 0
1800700 -0.618827 0
1800800 -0.752959 0
1800900 -0.821636 0
1801000 -1.00611 0
1801100 -1.29372 0
1801200 -1.20981 0
1801300 -0.781092 0
1801400 -0.125409 0
1801500 0.526983 0
1801600 1.10507 0
1801700 1.67291 0
1801800 1.85412 0
1801900 1.83166 0
1802000 1.74745 0
1802100 1.61151 0
1802200 1.29334 0
1802300 0.791414 0
1802400 0.0753763 0
1802500 -0.67266 0
1802600 -1.06475 0
1802700 -1.04728 0
1802800 -0.778962 0
1802900 -0.442182 0
1803000 -0.0585762 0
1803100 0.276677 0
1803200 0.549228 0
1803300 0.983908 0
1803400 1.23169 0
1803500 1.23078 0
1803600 1.10251 0
1803700 0.841221 0
1803800 0.359151 0
1803900 0.190425 0
1804000 0.198672 0
1804100 0.149512 0
1804200 0.165155 0
1804300 0.218457 0
1804400 0.0600812 0
1804500 -0.295472 0
1804600 -0.535876 0
1804700 -0.771946 0
1804800 -1.00485 0
1804900 -0.857484 0
1805000 -0.842274 0
1805100 -0.984163 0
1805200 -1.01887 0
1805300 -0.748802 0
1805400 -0.108186 0
1805500 0.502654 0
1805600 0.767332 0
1805700 0.762798 0
1805800 0.611844 0
1805900 0.218075 0
1806000 -0.162961 0
1806100 -0.327598 0
1806200 -0.147267 0
1806300 0.101348 0
1806400 -0.179788 0
1806500 -0.370847 0
1806600 -0.273364 0
1806700 -0.13926 0
1806800 -0.263296 0
1806900 -0.436108 0
1807000 -0.272718 0
1807100 0.0551051 0
1807200 0.317713 0
1807300 0.490595 0
1807400 0.932221 0
1807500 1.15013 0
1807600 1.17643 0
1807700 1.07297 0
1807800 0.761296 0
1807900 0.394805 0
1808000 -0.0357403 0
1808100 -0.515598 0
1808200 -0.966854 0
1808300 -1.27168 0
1808400 -1.18331 0
1808500 -0.785878 0
1808600 -0.246635 0
1808700 0.137527 0
1808800 0.484858 0
1808900 0.710072 0
1809000 0.795349 0
1809100 0.693713 0
1809200 0.530222 0
1809300 0.208156 0
1809400 -0.244127 0
1809500 -0.694536 0
1809600 -1.05179 0
1809700 -0.88653 0
1809800 -0.16208 0
1809900 0.596979 0
1810000 0.830833 0
