# Time-averaged data for fix myat1
# TimeStep v_xave v_xdes
290100 -24.0305 -24
290200 -24.4387 -24
290300 -24.5458 -24
290400 -24.4775 -24
290500 -24.4985 -24
290600 -24.2755 -24
290700 -24.0987 -24
290800 -24.1123 -24
290900 -23.8882 -24
291000 -23.8257 -24
291100 -23.888 -24
291200 -23.6856 -24
291300 -23.2707 -24
291400 -22.8932 -24
291500 -22.6173 -24
291600 -22.6864 -24
291700 -22.7198 -24
291800 -22.7787 -24
291900 -23.1236 -24
292000 -23.5167 -24
292100 -23.8143 -24
292200 -23.875 -24
292300 -23.9594 -24
292400 -24.0775 -24
292500 -24.1468 -24
292600 -24.2041 -24
292700 -24.1802 -24
292800 -24.0992 -24
292900 -24.0672 -24
293000 -24.0307 -24
293100 -23.9593 -24
293200 -24.0137 -24
293300 -24.2807 -24
293400 -24.321 -24
293500 -24.2106 -24
293600 -23.9904 -24
293700 -23.4686 -24
293800 -22.9474 -24
293900 -22.8167 -24
294000 -23.2241 -24
294100 -23.8849 -24
294200 -24.373 -24
294300 -24.7213 -24
294400 -24.7413 -24
294500 -24.6025 -24
294600 -24.3806 -24
294700 -24.1713 -24
294800 -23.9858 -24
294900 -23.9768 -24
295000 -23.896 -24
295100 -23.8159 -24
295200 -23.8947 -24
295300 -24.1018 -24
295400 -24.3972 -24
295500 -24.7898 -24
295600 -25.3086 -24
295700 -25.4645 -24
295800 -25.2348 -24
295900 -24.6828 -24
296000 -24.0483 -24
296100 -23.46 -24
296200 -23.164 -24
296300 -23.0866 -24
296400 -22.8989 -24
296500 -22.6844 -24
296600 -22.7835 -24
296700 -22.7612 -24
296800 -22.7866 -24
296900 -22.9773 -24
297000 -23.1897 -24
297100 -23.4921 -24
297200 -23.893 -24
297300 -24.3127 -24
297400 -24.4844 -24
297500 -24.2396 -24
297600 -23.9249 -24
297700 -23.7413 -24
297800 -23.6145 -24
297900 -23.4291 -24
298000 -23.3135 -24
298100 -23.3406 -24
298200 -23.5375 -24
298300 -23.7779 -24
298400 -24.1393 -24
298500 -24.3636 -24
298600 -24.3305 -24
298700 -24.2893 -24
298800 -24.268 -24
298900 -24.045 -24
299000 -23.7141 -24
299100 -23.1961 -24
299200 -22.6524 -24
299300 -22.3034 -24
299400 -22.3823 -24
299500 -22.6872 -24
299600 -22.832 -24
299700 -23.0037 -24
299800 -23.3816 -24
299900 -23.7653 -24
300000 -24.1456 -24
300100 -24.3395 -24
300200 -24.1342 -24
300300 -23.905 -24
300400 -23.7244 -24
300500 -23.6914 -24
300600 -23.8403 -24
300700 -24.0327 -24
300800 -24.2188 -24
300900 -24.4228 -24
301000 -24.3562 -24
301100 -24.1734 -24
301200 -23.9084 -24
301300 -23.7592 -24
301400 -23.6589 -24
301500 -23.598 -24
301600 -23.8031 -24
301700 -23.9333 -24
301800 -23.9768 -24
301900 -23.9703 -24
302000 -23.8738 -24
302100 -23.621 -24
302200 -23.7717 -24
302300 -24.0992 -24
302400 -24.0688 -24
302500 -23.7493 -24
302600 -23.5087 -24
302700 -23.4584 -24
302800 -23.409 -24
302900 -23.1074 -24
303000 -22.6847 -24
303100 -22.6821 -24
303200 -22.8972 -24
303300 -23.1977 -24
303400 -23.6373 -24
303500 -24.2577 -24
303600 -24.7095 -24
303700 -24.8351 -24
303800 -24.6402 -24
303900 -24.3293 -24
304000 -24.2016 -24
304100 -23.9163 -24
304200 -23.7971 -24
304300 -23.9806 -24
304400 -24.1225 -24
304500 -24.2345 -24
304600 -24.3628 -24
304700 -24.2041 -24
304800 -23.879 -24
304900 -23.9213 -24
305000 -24.1406 -24
305100 -24.2003 -24
305200 -24.5604 -24
305300 -24.987 -24
305400 -25.2538 -24
305500 -25.3681 -24
305600 -25.5869 -24
305700 -25.5702 -24
305800 -25.2077 -24
305900 -24.5909 -24
306000 -23.9598 -24
306100 -23.5754 -24
306200 -23.4064 -24
306300 -23.5709 -24
306400 -23.7768 -24
306500 -24.0104 -24
306600 -24.0423 -24
306700 -23.8606 -24
306800 -23.5296 -24
306900 -23.2913 -24
307000 -23.3656 -24
307100 -23.3921 -24
307200 -23.4147 -24
307300 -23.6659 -24
307400 -23.7483 -24
307500 -23.7583 -24
307600 -23.7137 -24
307700 -23.5468 -24
307800 -23.4423 -24
307900 -23.258 -24
308000 -23.0192 -24
308100 -23.1701 -24
308200 -23.5112 -24
308300 -23.9083 -24
308400 -24.3335 -24
308500 -24.7284 -24
308600 -24.8444 -24
308700 -24.8727 -24
308800 -24.7983 -24
308900 -24.5322 -24
309000 -24.2829 -24
309100 -23.8666 -24
309200 -23.3492 -24
309300 -23.3189 -24
309400 -23.4715 -24
309500 -23.6132 -24
309600 -23.7625 -24
309700 -24.0717 -24
309800 -24.6501 -24
309900 -24.8407 -24
310000 -24.6275 -24
310100 -24.2656 -24
310200 -23.9584 -24
310300 -23.4867 -24
310400 -23.0393 -24
310500 -23.0836 -24
310600 -23.6179 -24
310700 -23.9839 -24
310800 -23.9218 -24
310900 -23.5013 -24
311000 -22.9192 -24
311100 -22.6786 -24
311200 -22.6897 -24
311300 -22.8098 -24
311400 -23.1143 -24
311500 -23.0121 -24
311600 -22.9505 -24
311700 -22.997 -24
311800 -22.9472 -24
311900 -22.5772 -24
312000 -22.3625 -24
312100 -22.231 -24
312200 -21.8815 -24
312300 -21.7403 -24
312400 -21.9877 -24
312500 -22.5019 -24
312600 -22.8381 -24
312700 -23.2165 -24
312800 -23.6128 -24
312900 -23.9871 -24
313000 -24.2963 -24
313100 -24.3197 -24
313200 -24.282 -24
313300 -24.2775 -24
313400 -24.0928 -24
313500 -24.2182 -24
313600 -24.6837 -24
313700 -24.7874 -24
313800 -24.7189 -24
313900 -24.4527 -24
314000 -23.8478 -24
314100 -23.1505 -24
314200 -22.6988 -24
314300 -22.5514 -24
314400 -22.6949 -24
314500 -22.9525 -24
314600 -23.1781 -24
314700 -23.5904 -24
314800 -24.2037 -24
314900 -24.562 -24
315000 -24.8082 -24
315100 -24.8212 -24
315200 -24.7105 -24
315300 -24.5331 -24
315400 -23.9327 -24
315500 -23.4665 -24
315600 -23.3515 -24
315700 -23.6417 -24
315800 -24.0204 -24
315900 -24.4246 -24
316000 -24.6758 -24
316100 -24.8599 -24
316200 -24.9878 -24
316300 -25.101 -24
316400 -25.1633 -24
316500 -24.9026 -24
316600 -24.6603 -24
316700 -24.3776 -24
316800 -24.1108 -24
316900 -23.9713 -24
317000 -23.8221 -24
317100 -23.6949 -24
317200 -23.7725 -24
317300 -23.9895 -24
317400 -24.2033 -24
317500 -24.5243 -24
317600 -24.6386 -24
317700 -24.6553 -24
317800 -24.6085 -24
317900 -24.5752 -24
318000 -24.7549 -24
318100 -25.1263 -24
318200 -25.2926 -24
318300 -25.1006 -24
318400 -24.7618 -24
318500 -24.2759 -24
318600 -23.5682 -24
318700 -22.7287 -24
318800 -22.2251 -24
318900 -22.1464 -24
319000 -22.4476 -24
319100 -22.6773 -24
319200 -22.8849 -24
319300 -23.2211 -24
319400 -23.6056 -24
319500 -23.8877 -24
319600 -24.0026 -24
319700 -24.2085 -24
319800 -24.5658 -24
319900 -24.58 -24
320000 -24.5272 -24
320100 -24.3925 -24
320200 -24.2958 -24
320300 -24.3423 -24
320400 -24.4328 -24
320500 -24.4408 -24
320600 -24.5212 -24
320700 -24.5612 -24
320800 -24.4796 -24
320900 -24.2913 -24
321000 -24.1923 -24
321100 -24.3223 -24
321200 -24.5565 -24
321300 -24.8953 -24
321400 -25.2015 -24
321500 -25.3249 -24
321600 -25.1297 -24
321700 -24.523 -24
321800 -24.1065 -24
321900 -24.0663 -24
322000 -24.1636 -24
322100 -24.248 -24
322200 -24.278 -24
322300 -24.3239 -24
322400 -24.1349 -24
322500 -23.8456 -24
322600 -23.6768 -24
322700 -23.731 -24
322800 -24.107 -24
322900 -24.4853 -24
323000 -24.5665 -24
323100 -24.3393 -24
323200 -24.0596 -24
323300 -24.0919 -24
323400 -24.0696 -24
323500 -24.1785 -24
323600 -24.1372 -24
323700 -23.9356 -24
323800 -23.9521 -24
323900 -23.9847 -24
324000 -24.0195 -24
324100 -24.0503 -24
324200 -23.8686 -24
324300 -23.71 -24
324400 -23.7057 -24
324500 -23.8362 -24
324600 -24.1204 -24
324700 -24.4143 -24
324800 -24.8847 -24
324900 -25.3957 -24
325000 -25.694 -24
325100 -25.6034 -24
325200 -25.2751 -24
325300 -24.9181 -24
325400 -24.7999 -24
325500 -24.6629 -24
325600 -24.7218 -24
325700 -24.8093 -24
325800 -24.6847 -24
325900 -24.4624 -24
326000 -24.2222 -24
326100 -24.2172 -24
326200 -24.3731 -24
326300 -24.3563 -24
326400 -24.4007 -24
326500 -24.2005 -24
326600 -23.8236 -24
326700 -23.5592 -24
326800 -23.4292 -24
326900 -23.2823 -24
327000 -23.1276 -24
327100 -22.9283 -24
327200 -22.8053 -24
327300 -22.7133 -24
327400 -22.7317 -24
327500 -23.0481 -24
327600 -23.287 -24
327700 -23.5991 -24
327800 -24.0976 -24
327900 -24.3582 -24
328000 -24.4343 -24
328100 -24.6518 -24
328200 -24.7752 -24
328300 -24.8134 -24
328400 -24.6024 -24
328500 -24.0258 -24
328600 -23.7803 -24
328700 -24.0546 -24
328800 -24.2497 -24
328900 -24.1288 -24
329000 -24.0369 -24
329100 -23.9068 -24
329200 -23.8811 -24
329300 -24.1826 -24
329400 -24.6826 -24
329500 -25.1435 -24
329600 -25.5649 -24
329700 -25.4969 -24
329800 -24.9851 -24
329900 -24.3496 -24
330000 -23.96 -24
330100 -23.8202 -24
330200 -23.7987 -24
330300 -23.6716 -24
330400 -23.4578 -24
330500 -23.38 -24
330600 -23.5514 -24
330700 -23.7775 -24
330800 -23.9611 -24
330900 -24.2848 -24
331000 -24.5715 -24
331100 -24.6324 -24
331200 -24.7048 -24
331300 -24.8512 -24
331400 -24.7976 -24
331500 -24.547 -24
331600 -24.1825 -24
331700 -23.7943 -24
331800 -23.7055 -24
331900 -23.7503 -24
332000 -23.9562 -24
332100 -24.1494 -24
332200 -24.4263 -24
332300 -24.7293 -24
332400 -25.0194 -24
332500 -24.9283 -24
332600 -24.6355 -24
332700 -24.2504 -24
332800 -23.9274 -24
332900 -23.959 -24
333000 -24.3178 -24
333100 -24.7605 -24
333200 -25.143 -24
333300 -25.3583 -24
333400 -25.256 -24
333500 -24.6039 -24
333600 -24.0569 -24
333700 -23.5984 -24
333800 -23.4531 -24
333900 -23.3328 -24
334000 -23.152 -24
334100 -22.9704 -24
334200 -23.1569 -24
334300 -23.6102 -24
334400 -24.1567 -24
334500 -24.6548 -24
334600 -25.1152 -24
334700 -25.368 -24
334800 -25.3812 -24
334900 -25.136 -24
335000 -24.6055 -24
335100 -24.0077 -24
335200 -23.601 -24
335300 -23.3097 -24
335400 -23.123 -24
335500 -22.831 -24
335600 -22.8856 -24
335700 -23.3518 -24
335800 -23.8831 -24
335900 -24.1376 -24
336000 -24.2372 -24
336100 -24.1261 -24
336200 -23.8188 -24
336300 -23.5742 -24
336400 -23.3665 -24
336500 -23.1952 -24
336600 -23.163 -24
336700 -23.4102 -24
336800 -23.8395 -24
336900 -24.1112 -24
337000 -23.9492 -24
337100 -23.7689 -24
337200 -23.428 -24
337300 -23.2215 -24
337400 -23.3176 -24
337500 -23.6225 -24
337600 -23.7301 -24
337700 -24.1023 -24
337800 -24.6774 -24
337900 -25.0176 -24
338000 -25.3926 -24
338100 -25.5254 -24
338200 -25.3333 -24
338300 -24.9985 -24
338400 -24.4755 -24
338500 -23.996 -24
338600 -23.6547 -24
338700 -23.8361 -24
338800 -24.1206 -24
338900 -24.0949 -24
339000 -23.9352 -24
339100 -23.8809 -24
339200 -23.8268 -24
339300 -23.7841 -24
339400 -23.8489 -24
339500 -24.1469 -24
339600 -24.493 -24
339700 -24.2308 -24
339800 -23.7964 -24
339900 -23.7022 -24
340000 -23.8657 -24
340100 -24.1526 -24
340200 -24.3335 -24
340300 -24.6142 -24
340400 -24.7691 -24
340500 -24.8232 -24
340600 -24.8249 -24
340700 -24.7621 -24
340800 -24.6219 -24
340900 -24.5574 -24
341000 -24.6669 -24
341100 -24.4509 -24
341200 -24.0837 -24
341300 -23.6219 -24
341400 -23.2705 -24
341500 -23.0381 -24
341600 -23.1045 -24
341700 -23.3895 -24
341800 -23.766 -24
341900 -23.9233 -24
342000 -24.0037 -24
342100 -24.0976 -24
342200 -24.1834 -24
342300 -24.2117 -24
342400 -24.2842 -24
342500 -24.2632 -24
342600 -24.2182 -24
342700 -24.3551 -24
342800 -24.4455 -24
342900 -24.4809 -24
343000 -24.5849 -24
343100 -24.6831 -24
343200 -24.7708 -24
343300 -24.8552 -24
343400 -25.1207 -24
343500 -25.1194 -24
343600 -24.9199 -24
343700 -24.4814 -24
343800 -23.9396 -24
343900 -23.2186 -24
344000 -22.8469 -24
344100 -23.1016 -24
344200 -23.5246 -24
344300 -24.021 -24
344400 -24.5562 -24
344500 -24.7775 -24
344600 -24.7013 -24
344700 -24.4312 -24
344800 -23.9814 -24
344900 -23.4482 -24
345000 -22.5632 -24
345100 -21.9241 -24
345200 -21.9512 -24
345300 -22.5345 -24
345400 -23.6464 -24
345500 -24.7904 -24
345600 -25.6773 -24
345700 -26.0549 -24
345800 -26.0227 -24
345900 -25.8147 -24
346000 -25.5204 -24
346100 -25.0944 -24
346200 -24.9345 -24
346300 -24.8729 -24
346400 -24.4688 -24
346500 -23.9762 -24
346600 -23.5678 -24
346700 -23.3087 -24
346800 -23.3144 -24
346900 -23.4258 -24
347000 -23.7382 -24
347100 -24.0965 -24
347200 -24.3396 -24
347300 -24.3316 -24
347400 -24.2303 -24
347500 -24.3649 -24
347600 -24.228 -24
347700 -23.8735 -24
347800 -23.72 -24
347900 -23.6455 -24
348000 -23.7047 -24
348100 -24.0084 -24
348200 -24.4068 -24
348300 -24.5565 -24
348400 -24.7926 -24
348500 -25.0519 -24
348600 -25.1568 -24
348700 -24.9074 -24
348800 -24.6482 -24
348900 -24.4537 -24
349000 -24.0535 -24
349100 -23.763 -24
349200 -23.574 -24
349300 -23.4055 -24
349400 -23.3709 -24
349500 -23.454 -24
349600 -23.5303 -24
349700 -23.3702 -24
349800 -23.3918 -24
349900 -23.924 -24
350000 -24.6057 -24
350100 -25.1342 -24
350200 -25.3643 -24
350300 -25.2436 -24
350400 -25.2307 -24
350500 -25.3394 -24
350600 -25.376 -24
350700 -25.2731 -24
350800 -25.1702 -24
350900 -25.081 -24
351000 -24.5751 -24
351100 -24.0039 -24
351200 -23.4993 -24
351300 -23.4384 -24
351400 -23.7248 -24
351500 -24.0193 -24
351600 -24.1372 -24
351700 -24.2083 -24
351800 -24.2224 -24
351900 -24.0962 -24
352000 -24.0605 -24
352100 -24.1845 -24
352200 -24.2457 -24
352300 -24.0717 -24
352400 -23.9069 -24
352500 -23.7699 -24
352600 -23.2429 -24
352700 -22.8778 -24
352800 -22.693 -24
352900 -22.6539 -24
353000 -22.832 -24
353100 -22.9461 -24
353200 -22.9484 -24
353300 -23.1887 -24
353400 -23.3857 -24
353500 -23.3781 -24
353600 -23.3418 -24
353700 -23.2001 -24
353800 -23.0141 -24
353900 -23.2518 -24
354000 -23.5411 -24
354100 -23.4265 -24
354200 -23.1764 -24
354300 -23.1718 -24
354400 -23.2936 -24
354500 -23.363 -24
354600 -23.2384 -24
354700 -22.9533 -24
354800 -22.7855 -24
354900 -23.0016 -24
355000 -23.5183 -24
355100 -23.9981 -24
355200 -24.1942 -24
355300 -24.2085 -24
355400 -24.1727 -24
355500 -23.8275 -24
355600 -23.797 -24
355700 -23.7834 -24
355800 -23.5942 -24
355900 -23.5933 -24
356000 -23.6402 -24
356100 -23.5645 -24
356200 -23.4941 -24
356300 -23.5683 -24
356400 -23.6109 -24
356500 -23.6815 -24
356600 -23.7461 -24
356700 -23.7449 -24
356800 -23.8812 -24
356900 -24.07 -24
357000 -24.5813 -24
357100 -25.1418 -24
357200 -25.5531 -24
357300 -25.6171 -24
357400 -25.4496 -24
357500 -25.1081 -24
357600 -24.6636 -24
357700 -24.3555 -24
357800 -24.128 -24
357900 -23.8351 -24
358000 -23.3494 -24
358100 -22.9932 -24
358200 -22.6401 -24
358300 -22.6004 -24
358400 -22.9914 -24
358500 -23.4127 -24
358600 -23.7478 -24
358700 -24.218 -24
358800 -24.4418 -24
358900 -24.5311 -24
359000 -24.6765 -24
359100 -25.0851 -24
359200 -25.2585 -24
359300 -24.9908 -24
359400 -24.351 -24
359500 -23.6609 -24
359600 -23.2704 -24
359700 -22.965 -24
359800 -23.1539 -24
359900 -23.5873 -24
360000 -23.9087 -24
360100 -24.1928 -24
360200 -24.4018 -24
360300 -24.4512 -24
360400 -24.4102 -24
360500 -24.1715 -24
360600 -23.8849 -24
360700 -23.6911 -24
360800 -23.8116 -24
360900 -23.7699 -24
361000 -23.4394 -24
361100 -23.1485 -24
361200 -23.1921 -24
361300 -23.6626 -24
361400 -23.9605 -24
361500 -24.0059 -24
361600 -24.2142 -24
361700 -24.3649 -24
361800 -24.2838 -24
361900 -24.0892 -24
362000 -23.7303 -24
362100 -23.1897 -24
362200 -22.7883 -24
362300 -22.507 -24
362400 -22.5413 -24
362500 -23.0406 -24
362600 -24.0269 -24
362700 -24.967 -24
362800 -25.6178 -24
362900 -25.8018 -24
363000 -25.5994 -24
363100 -25.0455 -24
363200 -24.441 -24
363300 -23.7866 -24
363400 -23.5244 -24
363500 -23.5423 -24
363600 -23.6122 -24
363700 -23.7775 -24
363800 -23.8904 -24
363900 -23.9052 -24
364000 -23.8196 -24
364100 -23.8301 -24
364200 -23.4646 -24
364300 -23.2683 -24
364400 -23.325 -24
364500 -23.4661 -24
364600 -23.7792 -24
364700 -24.2228 -24
364800 -24.7873 -24
364900 -24.8304 -24
365000 -24.422 -24
365100 -24.1117 -24
365200 -23.9081 -24
365300 -24.048 -24
365400 -24.2757 -24
365500 -24.2471 -24
365600 -24.1793 -24
365700 -24.089 -24
365800 -24.2182 -24
365900 -24.0367 -24
366000 -23.5786 -24
366100 -23.1807 -24
366200 -23.1136 -24
366300 -23.1372 -24
366400 -23.3776 -24
366500 -23.5294 -24
366600 -23.6089 -24
366700 -23.7614 -24
366800 -23.8824 -24
366900 -23.8112 -24
367000 -23.8364 -24
367100 -23.7434 -24
367200 -23.6694 -24
367300 -23.6199 -24
367400 -23.5839 -24
367500 -23.6791 -24
367600 -24.0518 -24
367700 -23.8955 -24
367800 -23.3311 -24
367900 -23.165 -24
368000 -23.4733 -24
368100 -23.8449 -24
368200 -24.1727 -24
368300 -24.5003 -24
368400 -24.8864 -24
368500 -24.8894 -24
368600 -24.4812 -24
368700 -23.8848 -24
368800 -23.6138 -24
368900 -23.3829 -24
369000 -23.0383 -24
369100 -22.9714 -24
369200 -23.1916 -24
369300 -23.1553 -24
369400 -22.9158 -24
369500 -23.0029 -24
369600 -23.2842 -24
369700 -23.5808 -24
369800 -24.069 -24
369900 -24.0693 -24
370000 -23.4395 -24
370100 -23.0292 -24
370200 -23.2557 -24
370300 -23.8506 -24
370400 -24.5809 -24
370500 -24.683 -24
370600 -24.4684 -24
370700 -24.4521 -24
370800 -24.1935 -24
370900 -24.1973 -24
371000 -24.3018 -24
371100 -24.3083 -24
371200 -24.2606 -24
371300 -23.9109 -24
371400 -23.4079 -24
371500 -23.0332 -24
371600 -23.0119 -24
371700 -23.4378 -24
371800 -23.8975 -24
371900 -24.3096 -24
372000 -24.551 -24
372100 -24.6504 -24
372200 -24.5058 -24
372300 -24.0994 -24
372400 -23.9184 -24
372500 -23.9185 -24
372600 -23.9393 -24
372700 -24.0418 -24
372800 -24.1242 -24
372900 -24.3338 -24
373000 -24.6168 -24
373100 -24.5962 -24
373200 -24.5085 -24
373300 -24.3803 -24
373400 -23.9924 -24
373500 -23.5616 -24
373600 -23.5518 -24
373700 -23.5161 -24
373800 -23.3039 -24
373900 -23.388 -24
374000 -23.6727 -24
374100 -23.8585 -24
374200 -23.6329 -24
374300 -23.6309 -24
374400 -23.3926 -24
374500 -23.1988 -24
374600 -23.2877 -24
374700 -23.2035 -24
374800 -23.105 -24
374900 -23.1937 -24
375000 -23.3286 -24
375100 -23.5197 -24
375200 -23.7983 -24
375300 -23.6221 -24
375400 -23.117 -24
375500 -22.5393 -24
375600 -22.3901 -24
375700 -22.3999 -24
375800 -22.6756 -24
375900 -23.0265 -24
376000 -23.2924 -24
376100 -23.6381 -24
376200 -24.0314 -24
376300 -24.2411 -24
376400 -24.4631 -24
376500 -24.2543 -24
376600 -23.7656 -24
376700 -23.5555 -24
376800 -23.5456 -24
376900 -23.7651 -24
377000 -23.9365 -24
377100 -24.0174 -24
377200 -23.8882 -24
377300 -23.7997 -24
377400 -23.4962 -24
377500 -23.3228 -24
377600 -23.3793 -24
377700 -23.4722 -24
377800 -23.4703 -24
377900 -23.9027 -24
378000 -24.2146 -24
378100 -24.2935 -24
378200 -24.1298 -24
378300 -24.0961 -24
378400 -24.2575 -24
378500 -24.2641 -24
378600 -24.2055 -24
378700 -24.0761 -24
378800 -23.9818 -24
378900 -23.7567 -24
379000 -23.6368 -24
379100 -23.6205 -24
379200 -23.7626 -24
379300 -23.7415 -24
379400 -23.8227 -24
379500 -24.0079 -24
379600 -23.966 -24
379700 -23.8992 -24
379800 -23.9302 -24
379900 -24.4344 -24
380000 -24.7632 -24
380100 -25.0839 -24
380200 -25.3532 -24
380300 -25.4907 -24
380400 -25.3274 -24
380500 -25.089 -24
380600 -24.5508 -24
380700 -24.2543 -24
380800 -24.4446 -24
380900 -24.7737 -24
381000 -25.0925 -24
381100 -25.1583 -24
381200 -25.1259 -24
381300 -25.0833 -24
381400 -24.9554 -24
381500 -24.5381 -24
381600 -24.1087 -24
381700 -23.9135 -24
381800 -23.8886 -24
381900 -23.6853 -24
382000 -23.4074 -24
382100 -22.8394 -24
382200 -22.2623 -24
382300 -22.1989 -24
382400 -22.5258 -24
382500 -23.0265 -24
382600 -23.5685 -24
382700 -24.1694 -24
382800 -24.5754 -24
382900 -24.6732 -24
383000 -24.4218 -24
383100 -23.8716 -24
383200 -23.5347 -24
383300 -23.4576 -24
383400 -23.4075 -24
383500 -23.4317 -24
383600 -23.5959 -24
383700 -24.0252 -24
383800 -24.5486 -24
383900 -24.9331 -24
384000 -25.0277 -24
384100 -24.7662 -24
384200 -24.3592 -24
384300 -23.6614 -24
384400 -23.5103 -24
384500 -24.0889 -24
384600 -24.6505 -24
384700 -25.0644 -24
384800 -25.1721 -24
384900 -25.0833 -24
385000 -24.952 -24
385100 -24.931 -24
385200 -24.9427 -24
385300 -24.6082 -24
385400 -24.243 -24
385500 -23.7702 -24
385600 -23.4705 -24
385700 -23.7429 -24
385800 -24.0435 -24
385900 -24.3037 -24
386000 -24.7195 -24
386100 -25.1243 -24
386200 -25.2478 -24
386300 -25.2522 -24
386400 -24.9306 -24
386500 -24.579 -24
386600 -24.3685 -24
386700 -24.2158 -24
386800 -24.1306 -24
386900 -24.0423 -24
387000 -23.8419 -24
387100 -23.4907 -24
387200 -23.471 -24
387300 -23.6041 -24
387400 -24.14 -24
387500 -24.6076 -24
387600 -24.6815 -24
387700 -24.4067 -24
387800 -24.046 -24
387900 -23.6938 -24
388000 -23.5183 -24
388100 -23.5103 -24
388200 -23.3733 -24
388300 -23.2323 -24
388400 -23.2618 -24
388500 -23.3963 -24
388600 -23.7316 -24
388700 -24.1081 -24
388800 -24.5447 -24
388900 -24.7813 -24
389000 -24.8844 -24
389100 -25.2174 -24
389200 -25.501 -24
389300 -25.6503 -24
389400 -25.3833 -24
389500 -24.8209 -24
389600 -24.4495 -24
389700 -24.1305 -24
389800 -23.9003 -24
389900 -23.8844 -24
390000 -24.1196 -24
390100 -24.3526 -24
390200 -24.3028 -24
390300 -24.0284 -24
390400 -23.8751 -24
390500 -24.0977 -24
390600 -24.2568 -24
390700 -24.1606 -24
390800 -24.0196 -24
390900 -23.7913 -24
391000 -23.4611 -24
391100 -23.1439 -24
391200 -22.9329 -24
391300 -22.783 -24
391400 -22.7533 -24
391500 -22.9566 -24
391600 -23.1209 -24
391700 -23.1766 -24
391800 -23.1315 -24
391900 -23.0125 -24
392000 -22.8162 -24
392100 -22.7734 -24
392200 -23.101 -24
392300 -23.5837 -24
392400 -23.9593 -24
392500 -24.2276 -24
392600 -24.3617 -24
392700 -24.0298 -24
392800 -23.8587 -24
392900 -23.6313 -24
393000 -23.5013 -24
393100 -23.5768 -24
393200 -23.8481 -24
393300 -24.2298 -24
393400 -24.3928 -24
393500 -24.507 -24
393600 -24.6091 -24
393700 -24.5587 -24
393800 -24.1384 -24
393900 -23.8275 -24
394000 -23.9064 -24
394100 -24.0624 -24
394200 -24.167 -24
394300 -23.9161 -24
394400 -23.4937 -24
394500 -23.2267 -24
394600 -23.2864 -24
394700 -23.5421 -24
394800 -23.9172 -24
394900 -24.0544 -24
395000 -24.1423 -24
395100 -24.2297 -24
395200 -24.1965 -24
395300 -24.031 -24
395400 -23.6645 -24
395500 -23.4207 -24
395600 -23.4653 -24
395700 -23.6508 -24
395800 -23.9982 -24
395900 -24.4129 -24
396000 -24.5488 -24
396100 -24.5455 -24
396200 -24.7065 -24
396300 -24.9375 -24
396400 -24.7587 -24
396500 -24.3546 -24
396600 -23.5529 -24
396700 -22.8058 -24
396800 -22.4364 -24
396900 -22.6107 -24
397000 -23.2222 -24
397100 -23.8923 -24
397200 -24.4482 -24
397300 -24.8958 -24
397400 -25.0865 -24
397500 -24.9284 -24
397600 -24.5794 -24
397700 -24.2863 -24
397800 -23.738 -24
397900 -23.4025 -24
398000 -23.5614 -24
398100 -23.4547 -24
398200 -23.3537 -24
398300 -23.432 -24
398400 -23.5043 -24
398500 -23.4664 -24
398600 -23.6196 -24
398700 -23.92 -24
398800 -24.1628 -24
398900 -24.1303 -24
399000 -24.0412 -24
399100 -24.1394 -24
399200 -24.6269 -24
399300 -25.1623 -24
399400 -25.1684 -24
399500 -24.8935 -24
399600 -24.5507 -24
399700 -24.3563 -24
399800 -24.0773 -24
399900 -23.8574 -24
400000 -23.684 -24
400100 -23.3218 -24
400200 -22.7501 -24
400300 -22.4142 -24
400400 -22.1824 -24
400500 -22.2564 -24
400600 -22.7012 -24
400700 -23.2479 -24
400800 -23.6515 -24
400900 -24.0613 -24
401000 -24.4764 -24
401100 -24.5736 -24
401200 -24.4616 -24
401300 -24.2278 -24
401400 -24.059 -24
401500 -24.0401 -24
401600 -24.0183 -24
401700 -23.904 -24
401800 -23.7501 -24
401900 -23.897 -24
402000 -24.1437 -24
402100 -24.4592 -24
402200 -24.55 -24
402300 -24.3731 -24
402400 -24.38 -24
402500 -24.4316 -24
402600 -24.2301 -24
402700 -23.9703 -24
402800 -23.8579 -24
402900 -23.9144 -24
403000 -23.9453 -24
403100 -24.172 -24
403200 -24.583 -24
403300 -24.967 -24
403400 -25.0089 -24
403500 -24.8722 -24
403600 -24.4806 -24
403700 -24.1025 -24
403800 -24.0187 -24
403900 -23.8754 -24
404000 -23.5397 -24
404100 -23.3916 -24
404200 -23.51 -24
404300 -23.7764 -24
404400 -24.292 -24
404500 -24.785 -24
404600 -24.961 -24
404700 -25.0638 -24
404800 -25.169 -24
404900 -25.151 -24
405000 -25.1799 -24
405100 -25.1965 -24
405200 -25.1829 -24
405300 -25.2579 -24
405400 -25.3137 -24
405500 -25.2232 -24
405600 -25.1057 -24
405700 -24.9084 -24
405800 -24.741 -24
405900 -24.3953 -24
406000 -24.0386 -24
406100 -23.7825 -24
406200 -23.9115 -24
406300 -24.2491 -24
406400 -24.3959 -24
406500 -24.343 -24
406600 -24.3128 -24
406700 -24.3014 -24
406800 -24.3346 -24
406900 -24.5533 -24
407000 -24.3839 -24
407100 -24.0818 -24
407200 -24.1724 -24
407300 -24.2624 -24
407400 -24.4404 -24
407500 -24.5914 -24
407600 -24.5228 -24
407700 -24.2976 -24
407800 -23.8706 -24
407900 -23.4328 -24
408000 -23.2133 -24
408100 -23.5532 -24
408200 -24.0171 -24
408300 -24.3397 -24
408400 -24.3876 -24
408500 -24.1998 -24
408600 -23.9405 -24
408700 -23.6954 -24
408800 -23.6638 -24
408900 -24.0604 -24
409000 -24.3923 -24
409100 -24.5698 -24
409200 -24.6339 -24
409300 -24.4753 -24
409400 -24.3384 -24
409500 -24.4612 -24
409600 -24.5543 -24
409700 -24.3733 -24
409800 -24.0467 -24
409900 -23.8687 -24
410000 -23.9746 -24
410100 -24.2835 -24
410200 -24.5544 -24
410300 -24.6362 -24
410400 -24.5433 -24
410500 -24.1745 -24
410600 -23.4224 -24
410700 -22.8577 -24
410800 -22.6917 -24
410900 -22.6895 -24
411000 -22.9875 -24
411100 -23.4111 -24
411200 -23.9937 -24
411300 -24.4028 -24
411400 -24.948 -24
411500 -25.2084 -24
411600 -25.0505 -24
411700 -24.6667 -24
411800 -24.2638 -24
411900 -23.9608 -24
412000 -23.8064 -24
412100 -23.7003 -24
412200 -23.7179 -24
412300 -23.9107 -24
412400 -24.0445 -24
412500 -24.0866 -24
412600 -24.1278 -24
412700 -24.0502 -24
412800 -24.0358 -24
412900 -23.8786 -24
413000 -23.7239 -24
413100 -23.5028 -24
413200 -23.1418 -24
413300 -22.7617 -24
413400 -22.6462 -24
413500 -22.6796 -24
413600 -22.9293 -24
413700 -23.4171 -24
413800 -24.0499 -24
413900 -24.5469 -24
414000 -24.7781 -24
414100 -24.7966 -24
414200 -24.6271 -24
414300 -24.0564 -24
414400 -23.7206 -24
414500 -23.67 -24
414600 -23.9536 -24
414700 -24.045 -24
414800 -24.1208 -24
414900 -24.3693 -24
415000 -24.3661 -24
415100 -24.2975 -24
415200 -24.1687 -24
415300 -24.0514 -24
415400 -23.8507 -24
415500 -23.458 -24
415600 -23.2391 -24
415700 -23.3336 -24
415800 -23.4366 -24
415900 -23.8712 -24
416000 -24.4185 -24
416100 -24.9001 -24
416200 -25.3085 -24
416300 -25.3915 -24
416400 -25.1607 -24
416500 -24.7274 -24
416600 -24.2545 -24
416700 -23.8532 -24
416800 -23.4909 -24
416900 -23.3555 -24
417000 -23.1308 -24
417100 -23.02 -24
417200 -23.2142 -24
417300 -23.2878 -24
417400 -23.5482 -24
417500 -23.8429 -24
417600 -23.9366 -24
417700 -23.9018 -24
417800 -23.8989 -24
417900 -24.1279 -24
418000 -24.2377 -24
418100 -24.2687 -24
418200 -24.5549 -24
418300 -24.7584 -24
418400 -24.7621 -24
418500 -24.7462 -24
418600 -24.5293 -24
418700 -24.3755 -24
418800 -24.0994 -24
418900 -23.8129 -24
419000 -23.4755 -24
419100 -23.3489 -24
419200 -23.6127 -24
419300 -24.1209 -24
419400 -24.4096 -24
419500 -24.4136 -24
419600 -24.1385 -24
419700 -23.7303 -24
419800 -23.2274 -24
419900 -22.7794 -24
420000 -22.5045 -24
420100 -22.3786 -24
420200 -22.2801 -24
420300 -22.4123 -24
420400 -22.8498 -24
420500 -23.2525 -24
420600 -23.7485 -24
420700 -24.179 -24
420800 -24.597 -24
420900 -24.9354 -24
421000 -25.1863 -24
421100 -25.3985 -24
421200 -25.0908 -24
421300 -24.6597 -24
421400 -24.0204 -24
421500 -23.4652 -24
421600 -23.2173 -24
421700 -23.1157 -24
421800 -22.7133 -24
421900 -22.4674 -24
422000 -22.6909 -24
422100 -23.028 -24
422200 -23.4155 -24
422300 -23.7285 -24
422400 -24.0441 -24
422500 -24.6279 -24
422600 -24.8493 -24
422700 -24.6878 -24
422800 -24.5195 -24
422900 -24.6621 -24
423000 -24.7898 -24
423100 -24.8239 -24
423200 -24.5249 -24
423300 -24.0197 -24
423400 -23.3953 -24
423500 -23.0241 -24
423600 -23.014 -24
423700 -23.3051 -24
423800 -23.4502 -24
423900 -23.5646 -24
424000 -24.0201 -24
424100 -24.2687 -24
424200 -24.3174 -24
424300 -24.3723 -24
424400 -24.1326 -24
424500 -23.782 -24
424600 -23.7711 -24
424700 -23.7922 -24
424800 -23.6456 -24
424900 -23.4278 -24
425000 -23.201 -24
425100 -23.1182 -24
425200 -23.3467 -24
425300 -23.6134 -24
425400 -23.8598 -24
425500 -24.2664 -24
425600 -24.6302 -24
425700 -24.656 -24
425800 -24.6736 -24
425900 -24.5793 -24
426000 -24.2373 -24
426100 -23.9662 -24
426200 -24.009 -24
426300 -24.1461 -24
426400 -23.9822 -24
426500 -23.8534 -24
426600 -24.022 -24
426700 -24.2174 -24
426800 -24.474 -24
426900 -24.58 -24
427000 -24.4789 -24
427100 -24.3358 -24
427200 -24.0916 -24
427300 -23.7177 -24
427400 -23.5692 -24
427500 -23.6661 -24
427600 -23.9418 -24
427700 -24.2661 -24
427800 -24.4779 -24
427900 -24.4423 -24
428000 -24.2533 -24
428100 -23.9357 -24
428200 -23.7397 -24
428300 -23.6211 -24
428400 -23.8858 -24
428500 -24.4145 -24
428600 -24.8307 -24
428700 -24.7652 -24
428800 -24.7138 -24
428900 -24.5347 -24
429000 -24.3064 -24
429100 -24.4563 -24
429200 -24.9003 -24
429300 -25.4603 -24
429400 -25.9149 -24
429500 -25.9974 -24
429600 -25.8205 -24
429700 -25.5219 -24
429800 -24.7902 -24
429900 -23.7539 -24
430000 -22.9095 -24
430100 -22.3848 -24
430200 -22.1182 -24
430300 -22.1565 -24
430400 -22.3525 -24
430500 -22.679 -24
430600 -23.0123 -24
430700 -23.1906 -24
430800 -23.5036 -24
430900 -23.7356 -24
431000 -23.7385 -24
431100 -23.6809 -24
431200 -23.7017 -24
431300 -23.9404 -24
431400 -24.1177 -24
431500 -24.5414 -24
431600 -24.8455 -24
431700 -24.8926 -24
431800 -24.9315 -24
431900 -25.1523 -24
432000 -25.1039 -24
432100 -24.9596 -24
432200 -24.7003 -24
432300 -24.6387 -24
432400 -24.7082 -24
432500 -24.8022 -24
432600 -24.6503 -24
432700 -24.1614 -24
432800 -23.5936 -24
432900 -23.2446 -24
433000 -23.2248 -24
433100 -23.3656 -24
433200 -23.4918 -24
433300 -23.5077 -24
433400 -23.3733 -24
433500 -23.1761 -24
433600 -23.1828 -24
433700 -23.5403 -24
433800 -24.0814 -24
433900 -24.4733 -24
434000 -24.7742 -24
434100 -24.8744 -24
434200 -24.7257 -24
434300 -24.4098 -24
434400 -24.2588 -24
434500 -24.1426 -24
434600 -23.9854 -24
434700 -23.9328 -24
434800 -23.9788 -24
434900 -23.8291 -24
435000 -23.5841 -24
435100 -23.5058 -24
435200 -23.2581 -24
435300 -23.0897 -24
435400 -23.3587 -24
435500 -23.8441 -24
435600 -24.3569 -24
435700 -24.6425 -24
435800 -24.7482 -24
435900 -24.8111 -24
436000 -24.9844 -24
436100 -25.0263 -24
436200 -25.0138 -24
436300 -24.7921 -24
436400 -24.47 -24
436500 -24.0822 -24
436600 -23.9343 -24
436700 -23.8454 -24
436800 -23.6914 -24
436900 -23.6251 -24
437000 -23.5766 -24
437100 -23.7699 -24
437200 -23.8235 -24
437300 -23.8751 -24
437400 -24.0048 -24
437500 -24.0174 -24
437600 -23.8993 -24
437700 -23.9734 -24
437800 -23.9909 -24
437900 -24.172 -24
438000 -24.508 -24
438100 -24.6462 -24
438200 -24.7147 -24
438300 -24.7199 -24
438400 -24.3873 -24
438500 -23.7508 -24
438600 -23.1285 -24
438700 -22.9181 -24
438800 -22.9502 -24
438900 -23.1798 -24
439000 -23.3063 -24
439100 -23.7607 -24
439200 -24.0983 -24
439300 -24.1559 -24
439400 -23.809 -24
439500 -23.7061 -24
439600 -23.9657 -24
439700 -24.1132 -24
439800 -24.221 -24
439900 -24.6431 -24
440000 -25.0755 -24
440100 -25.3224 -24
440200 -25.295 -24
440300 -25.1265 -24
440400 -24.8111 -24
440500 -24.4218 -24
440600 -23.884 -24
440700 -23.6051 -24
440800 -23.5509 -24
440900 -23.3761 -24
441000 -23.4509 -24
441100 -23.7965 -24
441200 -24.2503 -24
441300 -24.6135 -24
441400 -24.5875 -24
441500 -24.6328 -24
441600 -24.3226 -24
441700 -23.831 -24
441800 -23.3373 -24
441900 -23.0563 -24
442000 -22.9808 -24
442100 -22.9981 -24
442200 -23.2172 -24
442300 -23.5341 -24
442400 -23.7793 -24
442500 -23.9232 -24
442600 -23.8136 -24
442700 -23.7348 -24
442800 -23.909 -24
442900 -24.0725 -24
443000 -24.1316 -24
443100 -23.962 -24
443200 -23.759 -24
443300 -23.8679 -24
443400 -24.001 -24
443500 -24.1238 -24
443600 -24.1764 -24
443700 -24.1857 -24
443800 -24.355 -24
443900 -24.5664 -24
444000 -24.7531 -24
444100 -24.767 -24
444200 -24.8776 -24
444300 -24.9828 -24
444400 -24.9058 -24
444500 -24.5009 -24
444600 -24.2046 -24
444700 -23.8364 -24
444800 -23.5529 -24
444900 -23.3595 -24
445000 -23.3029 -24
445100 -23.2415 -24
445200 -23.0274 -24
445300 -22.8037 -24
445400 -22.8756 -24
445500 -23.2376 -24
445600 -23.6309 -24
445700 -23.8671 -24
445800 -23.8902 -24
445900 -23.8163 -24
446000 -23.6858 -24
446100 -23.8433 -24
446200 -24.1423 -24
446300 -24.3023 -24
446400 -24.3704 -24
446500 -24.2131 -24
446600 -23.8182 -24
446700 -23.5423 -24
446800 -23.7167 -24
446900 -23.8126 -24
447000 -23.567 -24
447100 -23.3478 -24
447200 -23.175 -24
447300 -23.1261 -24
447400 -23.2603 -24
447500 -23.2781 -24
447600 -23.2847 -24
447700 -23.4174 -24
447800 -23.4737 -24
447900 -23.7368 -24
448000 -24.1836 -24
448100 -24.5142 -24
448200 -24.5468 -24
448300 -24.4304 -24
448400 -24.105 -24
448500 -23.731 -24
448600 -23.3327 -24
448700 -23.0463 -24
448800 -22.7453 -24
448900 -22.6928 -24
449000 -22.9271 -24
449100 -23.4001 -24
449200 -23.9978 -24
449300 -24.6712 -24
449400 -24.8469 -24
449500 -24.7534 -24
449600 -24.4037 -24
449700 -24.1047 -24
449800 -24.0949 -24
449900 -24.4345 -24
450000 -24.7806 -24
450100 -24.7999 -24
450200 -24.725 -24
450300 -24.4552 -24
450400 -24.1068 -24
450500 -23.6582 -24
450600 -23.4118 -24
450700 -23.4827 -24
450800 -23.5629 -24
450900 -23.5028 -24
451000 -23.2295 -24
451100 -22.8131 -24
451200 -22.547 -24
451300 -22.3186 -24
451400 -22.3272 -24
451500 -22.5399 -24
451600 -22.9678 -24
451700 -23.4321 -24
451800 -24.0973 -24
451900 -24.7081 -24
452000 -25.1852 -24
452100 -25.3235 -24
452200 -25.0043 -24
452300 -24.5964 -24
452400 -23.993 -24
452500 -23.4306 -24
452600 -23.1624 -24
452700 -23.0929 -24
452800 -22.9582 -24
452900 -22.9182 -24
453000 -23.195 -24
453100 -23.6481 -24
453200 -24.133 -24
453300 -24.3999 -24
453400 -24.4489 -24
453500 -24.5021 -24
453600 -24.4029 -24
453700 -24.0912 -24
453800 -23.7728 -24
453900 -23.4747 -24
454000 -23.1481 -24
454100 -22.8423 -24
454200 -22.916 -24
454300 -23.2054 -24
454400 -23.5568 -24
454500 -23.7179 -24
454600 -23.6043 -24
454700 -23.6719 -24
454800 -23.8831 -24
454900 -24.1767 -24
455000 -24.501 -24
455100 -24.6418 -24
455200 -24.6245 -24
455300 -24.32 -24
455400 -23.8949 -24
455500 -23.3284 -24
455600 -22.8671 -24
455700 -22.81 -24
455800 -23.0403 -24
455900 -23.2941 -24
456000 -23.839 -24
456100 -24.3752 -24
456200 -24.8693 -24
456300 -25.0632 -24
456400 -24.8428 -24
456500 -24.198 -24
456600 -23.5987 -24
456700 -22.9301 -24
456800 -22.607 -24
456900 -22.5372 -24
457000 -22.6094 -24
457100 -23.0683 -24
457200 -23.5767 -24
457300 -24.1815 -24
457400 -24.4818 -24
457500 -24.5356 -24
457600 -24.8034 -24
457700 -25.2134 -24
457800 -25.4013 -24
457900 -25.2017 -24
458000 -24.8847 -24
458100 -24.8824 -24
458200 -24.9643 -24
458300 -24.8946 -24
458400 -24.6609 -24
458500 -24.3064 -24
458600 -23.8813 -24
458700 -23.4816 -24
458800 -23.2068 -24
458900 -23.3607 -24
459000 -23.4278 -24
459100 -23.4343 -24
459200 -23.523 -24
459300 -23.4591 -24
459400 -23.0956 -24
459500 -22.8317 -24
459600 -22.8663 -24
459700 -22.9844 -24
459800 -23.1265 -24
459900 -23.2742 -24
460000 -23.6058 -24
460100 -24.0395 -24
460200 -24.4841 -24
460300 -24.6196 -24
460400 -24.438 -24
460500 -24.165 -24
460600 -24.1149 -24
460700 -24.0758 -24
460800 -24.1018 -24
460900 -24.4024 -24
461000 -24.7908 -24
461100 -24.8424 -24
461200 -24.715 -24
461300 -24.3157 -24
461400 -23.8544 -24
461500 -23.8035 -24
461600 -23.7437 -24
461700 -23.5541 -24
461800 -23.2349 -24
461900 -23.0015 -24
462000 -22.9741 -24
462100 -23.1326 -24
462200 -23.2859 -24
462300 -23.3294 -24
462400 -23.5116 -24
462500 -23.9506 -24
462600 -24.5398 -24
462700 -25.2438 -24
462800 -25.7671 -24
462900 -25.6162 -24
463000 -25.1934 -24
463100 -25.0026 -24
463200 -24.693 -24
463300 -24.1797 -24
463400 -23.807 -24
463500 -23.5562 -24
463600 -23.3937 -24
463700 -23.4016 -24
463800 -23.6445 -24
463900 -23.7383 -24
464000 -23.8212 -24
464100 -23.9542 -24
464200 -24.5384 -24
464300 -25.0578 -24
464400 -25.2472 -24
464500 -25.2103 -24
464600 -25.0823 -24
464700 -24.6724 -24
464800 -24.1586 -24
464900 -24.0154 -24
465000 -23.9958 -24
465100 -24.0921 -24
465200 -24.173 -24
465300 -24.2281 -24
465400 -24.3712 -24
465500 -24.5774 -24
465600 -24.7219 -24
465700 -24.8582 -24
465800 -24.6268 -24
465900 -24.3518 -24
466000 -24.0266 -24
466100 -23.7109 -24
466200 -23.4753 -24
466300 -23.447 -24
466400 -23.7107 -24
466500 -23.8594 -24
466600 -24.0797 -24
466700 -24.2055 -24
466800 -24.3545 -24
466900 -24.669 -24
467000 -24.9069 -24
467100 -24.7627 -24
467200 -24.4776 -24
467300 -24.2857 -24
467400 -24.2593 -24
467500 -24.2909 -24
467600 -24.2271 -24
467700 -24.1045 -24
467800 -24.0423 -24
467900 -24.391 -24
468000 -24.9373 -24
468100 -24.6558 -24
468200 -24.1998 -24
468300 -23.9598 -24
468400 -23.8334 -24
468500 -23.7048 -24
468600 -23.6788 -24
468700 -23.8471 -24
468800 -24.1472 -24
468900 -24.2951 -24
469000 -24.0684 -24
469100 -23.791 -24
469200 -23.7381 -24
469300 -23.8596 -24
469400 -24.1516 -24
469500 -24.4332 -24
469600 -24.6862 -24
469700 -24.4829 -24
469800 -23.919 -24
469900 -23.2212 -24
470000 -22.6581 -24
470100 -22.2994 -24
470200 -22.1552 -24
470300 -22.2155 -24
470400 -22.6031 -24
470500 -23.2045 -24
470600 -23.9354 -24
470700 -24.1917 -24
470800 -23.9327 -24
470900 -23.4457 -24
471000 -23.0339 -24
471100 -22.8745 -24
471200 -22.8904 -24
471300 -23.0808 -24
471400 -23.3475 -24
471500 -23.7286 -24
471600 -23.9678 -24
471700 -23.9709 -24
471800 -23.7448 -24
471900 -23.386 -24
472000 -22.9033 -24
472100 -22.8582 -24
472200 -22.9896 -24
472300 -23.0345 -24
472400 -23.2522 -24
472500 -23.5397 -24
472600 -23.9154 -24
472700 -24.127 -24
472800 -24.226 -24
472900 -24.1071 -24
473000 -23.9149 -24
473100 -23.8331 -24
473200 -23.6899 -24
473300 -23.524 -24
473400 -23.5394 -24
473500 -23.7958 -24
473600 -24.0466 -24
473700 -24.2761 -24
473800 -24.3038 -24
473900 -24.3217 -24
474000 -24.1843 -24
474100 -24.2793 -24
474200 -24.5764 -24
474300 -24.372 -24
474400 -23.8396 -24
474500 -23.2039 -24
474600 -22.7212 -24
474700 -22.5186 -24
474800 -22.5592 -24
474900 -22.9927 -24
475000 -23.5028 -24
475100 -24.0857 -24
475200 -24.8735 -24
475300 -25.4552 -24
475400 -25.6186 -24
475500 -25.3879 -24
475600 -24.6999 -24
475700 -23.7211 -24
475800 -22.9431 -24
475900 -22.5592 -24
476000 -22.826 -24
476100 -23.4156 -24
476200 -23.9902 -24
476300 -24.2968 -24
476400 -24.4374 -24
476500 -24.7912 -24
476600 -25.0299 -24
476700 -24.8373 -24
476800 -24.754 -24
476900 -24.5128 -24
477000 -24.1956 -24
477100 -24.1329 -24
477200 -24.3117 -24
477300 -24.6896 -24
477400 -24.9481 -24
477500 -24.9028 -24
477600 -24.8706 -24
477700 -24.7069 -24
477800 -24.3918 -24
477900 -24.0067 -24
478000 -23.735 -24
478100 -23.782 -24
478200 -23.7945 -24
478300 -23.5419 -24
478400 -23.3856 -24
478500 -23.2658 -24
478600 -23.152 -24
478700 -23.5259 -24
478800 -23.9936 -24
478900 -24.3561 -24
479000 -24.7893 -24
479100 -25.125 -24
479200 -25.2442 -24
479300 -25.4535 -24
479400 -25.398 -24
479500 -25.1497 -24
479600 -25.134 -24
479700 -25.1425 -24
479800 -25.0897 -24
479900 -24.6826 -24
480000 -24.5096 -24
480100 -24.3658 -24
480200 -24.1797 -24
480300 -24.0496 -24
480400 -24.1232 -24
480500 -23.788 -24
480600 -23.3163 -24
480700 -23.0651 -24
480800 -23.2567 -24
480900 -23.8664 -24
481000 -24.4169 -24
481100 -24.8446 -24
481200 -25.1423 -24
481300 -24.9196 -24
481400 -24.4567 -24
481500 -24.124 -24
481600 -23.7993 -24
481700 -23.581 -24
481800 -23.5422 -24
481900 -23.3457 -24
482000 -23.3109 -24
482100 -23.3421 -24
482200 -23.367 -24
482300 -23.7755 -24
482400 -24.422 -24
482500 -24.9362 -24
482600 -25.0521 -24
482700 -24.7871 -24
482800 -24.5878 -24
482900 -24.3836 -24
483000 -24.0409 -24
483100 -23.8361 -24
483200 -23.8896 -24
483300 -24.2351 -24
483400 -24.6689 -24
483500 -24.7613 -24
483600 -24.7932 -24
483700 -25.0165 -24
483800 -25.27 -24
483900 -25.1657 -24
484000 -24.918 -24
484100 -24.6061 -24
484200 -24.0441 -24
484300 -23.4829 -24
484400 -23.4592 -24
484500 -23.7896 -24
484600 -24.1055 -24
484700 -24.3324 -24
484800 -24.6822 -24
484900 -24.7537 -24
485000 -24.5408 -24
485100 -24.34 -24
485200 -24.0124 -24
485300 -23.6656 -24
485400 -23.5711 -24
485500 -23.7073 -24
485600 -24.0568 -24
485700 -24.457 -24
485800 -24.787 -24
485900 -24.6695 -24
486000 -24.4383 -24
486100 -24.1079 -24
486200 -24.0679 -24
486300 -23.9216 -24
486400 -23.5946 -24
486500 -23.256 -24
486600 -23.0267 -24
486700 -22.9527 -24
486800 -23.3606 -24
486900 -23.8582 -24
487000 -24.1068 -24
487100 -23.9326 -24
487200 -23.7321 -24
487300 -23.5591 -24
487400 -23.6868 -24
487500 -23.6264 -24
487600 -23.4219 -24
487700 -23.5072 -24
487800 -23.7049 -24
487900 -23.5532 -24
488000 -23.396 -24
488100 -23.3057 -24
488200 -23.4511 -24
488300 -23.5802 -24
488400 -23.8848 -24
488500 -24.186 -24
488600 -24.2962 -24
488700 -24.2 -24
488800 -23.9987 -24
488900 -23.7782 -24
489000 -23.7258 -24
489100 -23.7153 -24
489200 -23.8673 -24
489300 -24.1507 -24
489400 -24.3702 -24
489500 -24.5218 -24
489600 -24.426 -24
489700 -23.945 -24
489800 -23.7567 -24
489900 -23.5498 -24
490000 -23.5941 -24
