# Time-averaged data for fix myat1
# TimeStep v_xave v_xdes
950100 -12.6117 -12
950200 -12.1948 -12
950300 -12.0213 -12
950400 -12.1847 -12
950500 -12.486 -12
950600 -12.7421 -12
950700 -12.6311 -12
950800 -12.4707 -12
950900 -12.7919 -12
951000 -13.1796 -12
951100 -13.2232 -12
951200 -13.1791 -12
951300 -13.0257 -12
951400 -13.031 -12
951500 -13.0365 -12
951600 -13.0966 -12
951700 -13.1353 -12
951800 -13.1215 -12
951900 -13.2624 -12
952000 -13.3976 -12
952100 -13.3416 -12
952200 -13.2027 -12
952300 -12.8193 -12
952400 -12.2535 -12
952500 -12.1673 -12
952600 -12.3427 -12
952700 -12.9004 -12
952800 -13.5035 -12
952900 -13.8998 -12
953000 -13.9073 -12
953100 -13.5021 -12
953200 -13.4257 -12
953300 -13.1298 -12
953400 -12.6156 -12
953500 -12.0676 -12
953600 -11.9274 -12
953700 -12.2317 -12
953800 -12.5918 -12
953900 -13.0806 -12
954000 -13.2046 -12
954100 -12.8033 -12
954200 -12.4278 -12
954300 -12.4692 -12
954400 -12.8105 -12
954500 -13.1136 -12
954600 -13.085 -12
954700 -12.871 -12
954800 -12.6842 -12
954900 -12.3313 -12
955000 -11.7311 -12
955100 -11.5982 -12
955200 -12.1668 -12
955300 -12.8812 -12
955400 -13.4637 -12
955500 -13.3809 -12
955600 -12.9051 -12
955700 -12.5107 -12
955800 -12.2521 -12
955900 -12.3212 -12
956000 -12.644 -12
956100 -13.0823 -12
956200 -13.4217 -12
956300 -13.5376 -12
956400 -13.0777 -12
956500 -12.5436 -12
956600 -12.3404 -12
956700 -12.2281 -12
956800 -11.9351 -12
956900 -11.831 -12
957000 -12.1174 -12
957100 -12.6514 -12
957200 -12.9553 -12
957300 -13.1553 -12
957400 -13.2028 -12
957500 -13.1957 -12
957600 -12.9376 -12
957700 -12.5285 -12
957800 -12.2513 -12
957900 -12.1829 -12
958000 -12.3936 -12
958100 -12.8375 -12
958200 -12.8485 -12
958300 -12.6352 -12
958400 -12.5363 -12
958500 -12.5007 -12
958600 -12.8703 -12
958700 -13.309 -12
958800 -13.6054 -12
958900 -13.5648 -12
959000 -13.3344 -12
959100 -13.0712 -12
959200 -12.9518 -12
959300 -12.7297 -12
959400 -12.1934 -12
959500 -11.7361 -12
959600 -11.5717 -12
959700 -11.4456 -12
959800 -11.7839 -12
959900 -12.3813 -12
960000 -13.0121 -12
960100 -13.3226 -12
960200 -13.0863 -12
960300 -12.5693 -12
960400 -12.2452 -12
960500 -12.2844 -12
960600 -12.5618 -12
960700 -12.9197 -12
960800 -13.3622 -12
960900 -13.8299 -12
961000 -13.8862 -12
961100 -13.7921 -12
961200 -13.4703 -12
961300 -13.1189 -12
961400 -12.8571 -12
961500 -12.809 -12
961600 -12.9599 -12
961700 -12.9538 -12
961800 -12.9822 -12
961900 -13.1832 -12
962000 -13.4622 -12
962100 -13.7683 -12
962200 -13.6545 -12
962300 -13.2138 -12
962400 -12.8417 -12
962500 -12.4242 -12
962600 -12.3311 -12
962700 -12.0099 -12
962800 -12.1347 -12
962900 -12.3528 -12
963000 -12.4977 -12
963100 -12.4119 -12
963200 -12.2479 -12
963300 -12.2292 -12
963400 -12.3505 -12
963500 -12.2801 -12
963600 -12.3021 -12
963700 -12.5337 -12
963800 -12.6342 -12
963900 -12.5776 -12
964000 -12.7197 -12
964100 -12.9752 -12
964200 -13.2443 -12
964300 -13.3919 -12
964400 -13.3613 -12
964500 -13.2535 -12
964600 -12.7913 -12
964700 -12.2808 -12
964800 -12.013 -12
964900 -12.0425 -12
965000 -12.305 -12
965100 -12.741 -12
965200 -13.1022 -12
965300 -13.3726 -12
965400 -13.3904 -12
965500 -13.1406 -12
965600 -12.9001 -12
965700 -12.772 -12
965800 -12.6069 -12
965900 -12.389 -12
966000 -12.5077 -12
966100 -12.6668 -12
966200 -12.7903 -12
966300 -12.933 -12
966400 -12.8097 -12
966500 -12.6193 -12
966600 -12.5762 -12
966700 -12.6643 -12
966800 -12.7378 -12
966900 -12.5327 -12
967000 -12.4496 -12
967100 -12.58 -12
967200 -12.682 -12
967300 -12.7788 -12
967400 -12.992 -12
967500 -13.3921 -12
967600 -13.8199 -12
967700 -14.007 -12
967800 -13.9355 -12
967900 -13.5479 -12
968000 -12.9503 -12
968100 -12.261 -12
968200 -11.6823 -12
968300 -11.4372 -12
968400 -11.6615 -12
968500 -12.2406 -12
968600 -12.734 -12
968700 -13.0236 -12
968800 -12.997 -12
968900 -12.8231 -12
969000 -12.725 -12
969100 -12.8876 -12
969200 -12.8039 -12
969300 -12.7317 -12
969400 -12.9451 -12
969500 -13.0742 -12
969600 -12.9517 -12
969700 -12.9468 -12
969800 -13.4417 -12
969900 -13.7448 -12
970000 -13.5386 -12
970100 -13.3342 -12
970200 -13.1452 -12
970300 -13.0963 -12
970400 -13.0155 -12
970500 -12.9238 -12
970600 -13.0878 -12
970700 -13.371 -12
970800 -13.5605 -12
970900 -13.2533 -12
971000 -12.9878 -12
971100 -12.9053 -12
971200 -12.8438 -12
971300 -12.6894 -12
971400 -12.274 -12
971500 -12.0911 -12
971600 -11.9967 -12
971700 -11.9876 -12
971800 -12.1415 -12
971900 -12.4382 -12
972000 -12.8024 -12
972100 -12.9022 -12
972200 -12.7975 -12
972300 -12.7097 -12
972400 -12.8736 -12
972500 -12.843 -12
972600 -12.6575 -12
972700 -12.5112 -12
972800 -12.4013 -12
972900 -12.3604 -12
973000 -12.1805 -12
973100 -12.1261 -12
973200 -12.3069 -12
973300 -12.4991 -12
973400 -12.8407 -12
973500 -13.257 -12
973600 -13.748 -12
973700 -13.9598 -12
973800 -13.3389 -12
973900 -12.6352 -12
974000 -12.3435 -12
974100 -12.5171 -12
974200 -12.9154 -12
974300 -13.1903 -12
974400 -13.4499 -12
974500 -13.5786 -12
974600 -13.5044 -12
974700 -13.3049 -12
974800 -12.9243 -12
974900 -12.6163 -12
975000 -12.3169 -12
975100 -12.2746 -12
975200 -12.4516 -12
975300 -12.3847 -12
975400 -12.1696 -12
975500 -12.236 -12
975600 -12.4309 -12
975700 -12.7064 -12
975800 -12.9623 -12
975900 -13.0829 -12
976000 -12.7211 -12
976100 -12.4081 -12
976200 -12.3117 -12
976300 -12.278 -12
976400 -12.287 -12
976500 -12.4814 -12
976600 -12.7787 -12
976700 -13.1358 -12
976800 -13.2273 -12
976900 -12.9479 -12
977000 -12.493 -12
977100 -12.2189 -12
977200 -12.0974 -12
977300 -12.1094 -12
977400 -12.1959 -12
977500 -12.3663 -12
977600 -12.535 -12
977700 -12.6064 -12
977800 -12.5477 -12
977900 -12.5773 -12
978000 -12.831 -12
978100 -12.9587 -12
978200 -12.7848 -12
978300 -12.6237 -12
978400 -12.5796 -12
978500 -12.4937 -12
978600 -12.5507 -12
978700 -12.4625 -12
978800 -12.4943 -12
978900 -12.6858 -12
979000 -12.8257 -12
979100 -12.7452 -12
979200 -12.4974 -12
979300 -12.2223 -12
979400 -12.3105 -12
979500 -12.6797 -12
979600 -13.0107 -12
979700 -13.0244 -12
979800 -12.8341 -12
979900 -12.8405 -12
980000 -12.836 -12
980100 -12.7439 -12
980200 -12.4907 -12
980300 -12.3245 -12
980400 -12.3198 -12
980500 -12.3595 -12
980600 -12.104 -12
980700 -11.7473 -12
980800 -11.4174 -12
980900 -11.2729 -12
981000 -11.3552 -12
981100 -11.737 -12
981200 -12.1503 -12
981300 -12.5726 -12
981400 -12.9002 -12
981500 -13.2152 -12
981600 -13.5405 -12
981700 -13.5244 -12
981800 -13.0955 -12
981900 -12.8287 -12
982000 -12.5629 -12
982100 -12.5657 -12
982200 -12.7064 -12
982300 -12.7266 -12
982400 -12.9294 -12
982500 -13.1687 -12
982600 -13.0357 -12
982700 -12.7213 -12
982800 -12.6359 -12
982900 -12.6135 -12
983000 -12.5796 -12
983100 -12.4098 -12
983200 -12.1772 -12
983300 -11.7675 -12
983400 -11.5347 -12
983500 -11.6672 -12
983600 -11.9435 -12
983700 -12.2452 -12
983800 -12.7284 -12
983900 -13.1374 -12
984000 -13.1209 -12
984100 -12.5979 -12
984200 -11.8311 -12
984300 -11.5372 -12
984400 -11.7224 -12
984500 -12.3328 -12
984600 -12.9816 -12
984700 -13.3869 -12
984800 -13.3046 -12
984900 -12.9665 -12
985000 -12.4964 -12
985100 -12.1025 -12
985200 -12.3152 -12
985300 -12.6671 -12
985400 -12.8216 -12
985500 -12.6145 -12
985600 -12.0598 -12
985700 -11.8916 -12
985800 -12.0481 -12
985900 -11.9959 -12
986000 -11.5678 -12
986100 -11.4014 -12
986200 -11.337 -12
986300 -11.6304 -12
986400 -12.1166 -12
986500 -12.5201 -12
986600 -12.5371 -12
986700 -12.5172 -12
986800 -12.8201 -12
986900 -13.1448 -12
987000 -13.3683 -12
987100 -13.4315 -12
987200 -13.0656 -12
987300 -12.57 -12
987400 -12.4266 -12
987500 -12.2992 -12
987600 -12.2206 -12
987700 -12.2582 -12
987800 -12.6635 -12
987900 -12.9792 -12
988000 -13.1699 -12
988100 -12.6711 -12
988200 -11.853 -12
988300 -11.1438 -12
988400 -11.2827 -12
988500 -11.9809 -12
988600 -12.4684 -12
988700 -12.6334 -12
988800 -12.5838 -12
988900 -12.4334 -12
989000 -12.4252 -12
989100 -12.3695 -12
989200 -12.317 -12
989300 -12.3921 -12
989400 -12.3318 -12
989500 -12.1828 -12
989600 -12.5006 -12
989700 -12.7918 -12
989800 -12.756 -12
989900 -12.7222 -12
990000 -12.9028 -12
990100 -13.2425 -12
990200 -13.3133 -12
990300 -13.2414 -12
990400 -13.0982 -12
990500 -12.743 -12
990600 -12.4627 -12
990700 -12.4326 -12
990800 -12.5824 -12
990900 -12.5651 -12
991000 -12.5153 -12
991100 -12.5846 -12
991200 -12.7365 -12
991300 -12.5131 -12
991400 -12.6246 -12
991500 -12.7391 -12
991600 -12.6229 -12
991700 -12.7258 -12
991800 -12.847 -12
991900 -12.8736 -12
992000 -12.7012 -12
992100 -12.5407 -12
992200 -12.2425 -12
992300 -12.2585 -12
992400 -12.45 -12
992500 -12.7439 -12
992600 -12.9674 -12
992700 -12.9444 -12
992800 -12.5405 -12
992900 -12.0763 -12
993000 -11.9069 -12
993100 -12.045 -12
993200 -12.4093 -12
993300 -12.7078 -12
993400 -12.7339 -12
993500 -12.4426 -12
993600 -11.9816 -12
993700 -11.764 -12
993800 -11.9086 -12
993900 -12.3212 -12
994000 -12.5334 -12
994100 -12.7112 -12
994200 -12.7675 -12
994300 -12.5755 -12
994400 -12.2569 -12
994500 -12.0868 -12
994600 -12.3518 -12
994700 -12.7289 -12
994800 -12.9008 -12
994900 -12.7584 -12
995000 -12.5773 -12
995100 -12.5464 -12
995200 -12.4114 -12
995300 -12.4707 -12
995400 -12.6504 -12
995500 -12.8808 -12
995600 -13.0103 -12
995700 -12.968 -12
995800 -12.8549 -12
995900 -12.6393 -12
996000 -12.3936 -12
996100 -12.3025 -12
996200 -12.1739 -12
996300 -11.5724 -12
996400 -11.0844 -12
996500 -11.4 -12
996600 -12.1772 -12
996700 -13.0859 -12
996800 -13.5387 -12
996900 -13.5845 -12
997000 -13.4305 -12
997100 -13.3278 -12
997200 -13.1797 -12
997300 -13.1294 -12
997400 -13.4798 -12
997500 -13.6613 -12
997600 -13.8435 -12
997700 -13.726 -12
997800 -12.9539 -12
997900 -12.3347 -12
998000 -12.3654 -12
998100 -12.5417 -12
998200 -12.6303 -12
998300 -12.7532 -12
998400 -12.8951 -12
998500 -12.8847 -12
998600 -13.0174 -12
998700 -12.9742 -12
998800 -12.7441 -12
998900 -12.6768 -12
999000 -12.5489 -12
999100 -12.4571 -12
999200 -12.5118 -12
999300 -12.6944 -12
999400 -12.5921 -12
999500 -12.5081 -12
999600 -12.215 -12
999700 -12.1104 -12
999800 -12.3403 -12
999900 -12.6044 -12
1000000 -12.7569 -12
1000100 -12.7132 -12
1000200 -12.7909 -12
1000300 -12.9779 -12
1000400 -13.0102 -12
1000500 -12.8321 -12
1000600 -12.5782 -12
1000700 -12.309 -12
1000800 -12.016 -12
1000900 -12.0602 -12
1001000 -12.1969 -12
1001100 -12.3843 -12
1001200 -12.4823 -12
1001300 -12.6377 -12
1001400 -12.9781 -12
1001500 -13.1163 -12
1001600 -13.2235 -12
1001700 -12.9827 -12
1001800 -12.8194 -12
1001900 -12.6975 -12
1002000 -12.5823 -12
1002100 -12.2836 -12
1002200 -12.0213 -12
1002300 -11.8583 -12
1002400 -11.9718 -12
1002500 -12.3506 -12
1002600 -12.8086 -12
1002700 -13.1488 -12
1002800 -13.077 -12
1002900 -12.9689 -12
1003000 -12.8138 -12
1003100 -12.7138 -12
1003200 -12.5735 -12
1003300 -12.2921 -12
1003400 -12.2724 -12
1003500 -12.3982 -12
1003600 -12.6604 -12
1003700 -12.8942 -12
1003800 -13.0558 -12
1003900 -12.8727 -12
1004000 -12.583 -12
1004100 -12.3425 -12
1004200 -12.0012 -12
1004300 -11.8341 -12
1004400 -11.9268 -12
1004500 -11.9854 -12
1004600 -12.4269 -12
1004700 -12.8989 -12
1004800 -13.2851 -12
1004900 -13.4429 -12
1005000 -13.4731 -12
1005100 -13.1719 -12
1005200 -12.6396 -12
1005300 -12.4084 -12
1005400 -12.5886 -12
1005500 -13.0052 -12
1005600 -13.2618 -12
1005700 -13.2821 -12
1005800 -13.0848 -12
1005900 -13.0843 -12
1006000 -13.0091 -12
1006100 -12.8624 -12
1006200 -12.7552 -12
1006300 -12.6974 -12
1006400 -12.7135 -12
1006500 -12.8132 -12
1006600 -12.6251 -12
1006700 -12.3918 -12
1006800 -12.1729 -12
1006900 -11.9612 -12
1007000 -12.1686 -12
1007100 -12.6229 -12
1007200 -13.0513 -12
1007300 -13.284 -12
1007400 -13.4543 -12
1007500 -13.5891 -12
1007600 -13.3847 -12
1007700 -12.9029 -12
1007800 -12.5654 -12
1007900 -12.6531 -12
1008000 -12.9538 -12
1008100 -12.9838 -12
1008200 -12.7038 -12
1008300 -12.3246 -12
1008400 -11.8678 -12
1008500 -11.6069 -12
1008600 -11.642 -12
1008700 -11.8476 -12
1008800 -12.023 -12
1008900 -12.2875 -12
1009000 -12.4346 -12
1009100 -12.6236 -12
1009200 -12.65 -12
1009300 -12.3288 -12
1009400 -11.9607 -12
1009500 -11.5807 -12
1009600 -11.703 -12
1009700 -12.004 -12
1009800 -12.4086 -12
1009900 -12.6586 -12
1010000 -12.9285 -12
1010100 -13.1554 -12
1010200 -13.2281 -12
1010300 -13.0442 -12
1010400 -12.5407 -12
1010500 -12.2485 -12
1010600 -12.3054 -12
1010700 -12.5467 -12
1010800 -12.7494 -12
1010900 -12.8562 -12
1011000 -12.596 -12
1011100 -12.1082 -12
1011200 -11.6367 -12
1011300 -11.6063 -12
1011400 -11.9412 -12
1011500 -12.1869 -12
1011600 -12.4805 -12
1011700 -12.7813 -12
1011800 -13.0807 -12
1011900 -12.7961 -12
1012000 -12.3691 -12
1012100 -12.0578 -12
1012200 -12.1621 -12
1012300 -12.3639 -12
1012400 -12.5694 -12
1012500 -12.6928 -12
1012600 -12.7335 -12
1012700 -12.8571 -12
1012800 -12.915 -12
1012900 -12.7415 -12
1013000 -12.4656 -12
1013100 -12.4097 -12
1013200 -12.5863 -12
1013300 -13.0119 -12
1013400 -13.168 -12
1013500 -12.9955 -12
1013600 -12.8858 -12
1013700 -12.9516 -12
1013800 -12.9037 -12
1013900 -12.4902 -12
1014000 -12.0397 -12
1014100 -11.9575 -12
1014200 -12.0774 -12
1014300 -12.2638 -12
1014400 -12.5577 -12
1014500 -12.7575 -12
1014600 -12.8554 -12
1014700 -12.7572 -12
1014800 -12.5425 -12
1014900 -12.2632 -12
1015000 -11.7714 -12
1015100 -11.5283 -12
1015200 -11.649 -12
1015300 -11.9401 -12
1015400 -12.3667 -12
1015500 -12.7671 -12
1015600 -13.0946 -12
1015700 -13.4833 -12
1015800 -13.5184 -12
1015900 -13.6756 -12
1016000 -13.3853 -12
1016100 -12.7512 -12
1016200 -12.4801 -12
1016300 -12.7058 -12
1016400 -13.0202 -12
1016500 -13.0552 -12
1016600 -12.978 -12
1016700 -12.893 -12
1016800 -12.6394 -12
1016900 -12.4636 -12
1017000 -12.3294 -12
1017100 -12.515 -12
1017200 -12.7015 -12
1017300 -13.2054 -12
1017400 -13.8873 -12
1017500 -14.1275 -12
1017600 -13.8313 -12
1017700 -13.2854 -12
1017800 -12.7022 -12
1017900 -12.2955 -12
1018000 -12.2214 -12
1018100 -12.6182 -12
1018200 -13.177 -12
1018300 -13.7404 -12
1018400 -14.0463 -12
1018500 -14.1351 -12
1018600 -13.785 -12
1018700 -13.1239 -12
1018800 -12.4832 -12
1018900 -12.0239 -12
1019000 -11.9589 -12
1019100 -12.2005 -12
1019200 -12.3106 -12
1019300 -12.6785 -12
1019400 -13.3043 -12
1019500 -13.6029 -12
1019600 -13.8589 -12
1019700 -13.9238 -12
1019800 -13.7701 -12
1019900 -13.7107 -12
1020000 -13.554 -12
1020100 -13.1984 -12
1020200 -12.8386 -12
1020300 -12.324 -12
1020400 -11.9571 -12
1020500 -12.0635 -12
1020600 -12.5912 -12
1020700 -12.8761 -12
1020800 -13.0449 -12
1020900 -12.9604 -12
1021000 -12.7381 -12
1021100 -12.6447 -12
1021200 -12.3236 -12
1021300 -12.2063 -12
1021400 -12.4207 -12
1021500 -12.5498 -12
1021600 -12.4474 -12
1021700 -12.2214 -12
1021800 -12.2224 -12
1021900 -12.5055 -12
1022000 -12.865 -12
1022100 -12.9051 -12
1022200 -12.9153 -12
1022300 -12.7385 -12
1022400 -12.3527 -12
1022500 -12.1703 -12
1022600 -12.0816 -12
1022700 -11.9546 -12
1022800 -12.0914 -12
1022900 -12.2514 -12
1023000 -12.4688 -12
1023100 -12.4813 -12
1023200 -12.148 -12
1023300 -11.9388 -12
1023400 -12.1047 -12
1023500 -12.4449 -12
1023600 -12.8597 -12
1023700 -13.2266 -12
1023800 -13.4027 -12
1023900 -13.2455 -12
1024000 -12.8268 -12
1024100 -12.3594 -12
1024200 -12.0737 -12
1024300 -12.2313 -12
1024400 -12.4622 -12
1024500 -12.8685 -12
1024600 -13.1376 -12
1024700 -13.4152 -12
1024800 -13.7361 -12
1024900 -13.7533 -12
1025000 -13.4736 -12
1025100 -13.1666 -12
1025200 -12.7836 -12
1025300 -12.3985 -12
1025400 -12.1574 -12
1025500 -12.043 -12
1025600 -12.0926 -12
1025700 -12.3764 -12
1025800 -12.9729 -12
1025900 -13.3428 -12
1026000 -13.3039 -12
1026100 -13.1754 -12
1026200 -12.8965 -12
1026300 -12.6749 -12
1026400 -12.5339 -12
1026500 -12.5594 -12
1026600 -12.565 -12
1026700 -12.455 -12
1026800 -12.4224 -12
1026900 -12.3989 -12
1027000 -12.5156 -12
1027100 -13.0678 -12
1027200 -13.4602 -12
1027300 -13.3441 -12
1027400 -12.9944 -12
1027500 -12.5388 -12
1027600 -11.9913 -12
1027700 -11.4557 -12
1027800 -11.0971 -12
1027900 -11.0757 -12
1028000 -11.3081 -12
1028100 -11.888 -12
1028200 -12.6333 -12
1028300 -13.1363 -12
1028400 -13.5054 -12
1028500 -13.7226 -12
1028600 -13.7238 -12
1028700 -13.5265 -12
1028800 -13.222 -12
1028900 -13.0644 -12
1029000 -13.2247 -12
1029100 -13.5431 -12
1029200 -13.7812 -12
1029300 -13.6267 -12
1029400 -13.1175 -12
1029500 -12.6545 -12
1029600 -12.5219 -12
1029700 -12.3756 -12
1029800 -12.033 -12
1029900 -11.9019 -12
1030000 -11.945 -12
1030100 -12.2206 -12
1030200 -12.6172 -12
1030300 -13.1958 -12
1030400 -13.5543 -12
1030500 -13.4482 -12
1030600 -12.9067 -12
1030700 -12.4143 -12
1030800 -12.2572 -12
1030900 -12.2274 -12
1031000 -12.231 -12
1031100 -12.3882 -12
1031200 -12.408 -12
1031300 -12.4155 -12
1031400 -12.7451 -12
1031500 -13.0226 -12
1031600 -12.8488 -12
1031700 -12.354 -12
1031800 -11.8137 -12
1031900 -11.7039 -12
1032000 -12.0002 -12
1032100 -12.5944 -12
1032200 -12.8262 -12
1032300 -12.7689 -12
1032400 -12.8036 -12
1032500 -12.5631 -12
1032600 -12.3114 -12
1032700 -12.0917 -12
1032800 -11.8967 -12
1032900 -11.8932 -12
1033000 -12.1937 -12
1033100 -12.4107 -12
1033200 -12.4297 -12
1033300 -12.5086 -12
1033400 -12.2408 -12
1033500 -12.1503 -12
1033600 -12.4386 -12
1033700 -12.7826 -12
1033800 -12.9114 -12
1033900 -12.9026 -12
1034000 -12.868 -12
1034100 -12.6966 -12
1034200 -12.5587 -12
1034300 -12.3908 -12
1034400 -12.2762 -12
1034500 -12.3365 -12
1034600 -12.3729 -12
1034700 -12.5026 -12
1034800 -12.8854 -12
1034900 -13.2645 -12
1035000 -13.2099 -12
1035100 -12.7411 -12
1035200 -12.4559 -12
1035300 -12.3278 -12
1035400 -12.6093 -12
1035500 -13.099 -12
1035600 -13.0993 -12
1035700 -12.762 -12
1035800 -12.3572 -12
1035900 -11.966 -12
1036000 -11.7703 -12
1036100 -11.9361 -12
1036200 -12.2389 -12
1036300 -12.6745 -12
1036400 -12.9498 -12
1036500 -12.995 -12
1036600 -12.876 -12
1036700 -12.5442 -12
1036800 -11.9664 -12
1036900 -11.5302 -12
1037000 -11.3887 -12
1037100 -11.6624 -12
1037200 -11.9442 -12
1037300 -12.2828 -12
1037400 -12.7183 -12
1037500 -12.8424 -12
1037600 -12.7895 -12
1037700 -12.8618 -12
1037800 -12.9355 -12
1037900 -12.732 -12
1038000 -12.7977 -12
1038100 -13.0193 -12
1038200 -12.7551 -12
1038300 -12.2443 -12
1038400 -11.9109 -12
1038500 -11.8421 -12
1038600 -12.2722 -12
1038700 -12.7503 -12
1038800 -13.3178 -12
1038900 -13.8471 -12
1039000 -14.2061 -12
1039100 -14.1561 -12
1039200 -13.7524 -12
1039300 -13.1745 -12
1039400 -12.6952 -12
1039500 -12.1512 -12
1039600 -11.9951 -12
1039700 -12.4871 -12
1039800 -13.0076 -12
1039900 -13.1865 -12
1040000 -13.0953 -12
1040100 -12.8533 -12
1040200 -12.532 -12
1040300 -12.3158 -12
1040400 -12.082 -12
1040500 -12.4537 -12
1040600 -12.9765 -12
1040700 -13.3003 -12
1040800 -13.3849 -12
1040900 -13.5127 -12
1041000 -13.5848 -12
1041100 -13.3009 -12
1041200 -12.888 -12
1041300 -12.5074 -12
1041400 -12.3654 -12
1041500 -12.2564 -12
1041600 -12.3589 -12
1041700 -12.366 -12
1041800 -12.6434 -12
1041900 -12.7388 -12
1042000 -12.4058 -12
1042100 -11.9385 -12
1042200 -11.8602 -12
1042300 -11.8312 -12
1042400 -11.9664 -12
1042500 -12.4206 -12
1042600 -12.8828 -12
1042700 -13.276 -12
1042800 -13.3498 -12
1042900 -13.3019 -12
1043000 -13.0558 -12
1043100 -12.9331 -12
1043200 -12.9144 -12
1043300 -12.6948 -12
1043400 -12.3454 -12
1043500 -12.3272 -12
1043600 -12.4958 -12
1043700 -12.761 -12
1043800 -12.8748 -12
1043900 -13.0471 -12
1044000 -13.2112 -12
1044100 -13.1789 -12
1044200 -13.0646 -12
1044300 -12.8204 -12
1044400 -12.4501 -12
1044500 -12.1733 -12
1044600 -12.2922 -12
1044700 -12.6926 -12
1044800 -13.0312 -12
1044900 -12.8082 -12
1045000 -12.3081 -12
1045100 -12.1382 -12
1045200 -12.1255 -12
1045300 -12.3206 -12
1045400 -12.5317 -12
1045500 -12.699 -12
1045600 -12.8165 -12
1045700 -12.9235 -12
1045800 -13.0497 -12
1045900 -13.0164 -12
1046000 -12.7109 -12
1046100 -12.3653 -12
1046200 -12.185 -12
1046300 -12.0767 -12
1046400 -12.1092 -12
1046500 -12.2833 -12
1046600 -12.7677 -12
1046700 -13.1087 -12
1046800 -13.1863 -12
1046900 -13.0626 -12
1047000 -12.9991 -12
1047100 -12.7266 -12
1047200 -12.1686 -12
1047300 -11.7912 -12
1047400 -11.7793 -12
1047500 -12.0505 -12
1047600 -12.6265 -12
1047700 -13.4802 -12
1047800 -13.8186 -12
1047900 -14.0538 -12
1048000 -14.0176 -12
1048100 -13.8455 -12
1048200 -13.4347 -12
1048300 -12.769 -12
1048400 -12.4819 -12
1048500 -12.5144 -12
1048600 -12.7785 -12
1048700 -12.9745 -12
1048800 -13.1997 -12
1048900 -13.1569 -12
1049000 -12.7744 -12
1049100 -12.447 -12
1049200 -12.379 -12
1049300 -12.5128 -12
1049400 -12.5735 -12
1049500 -12.8236 -12
1049600 -13.2501 -12
1049700 -13.6712 -12
1049800 -13.8738 -12
1049900 -13.3291 -12
1050000 -12.5632 -12
1050100 -12.0864 -12
1050200 -11.7017 -12
1050300 -11.5474 -12
1050400 -11.7239 -12
1050500 -12.0791 -12
1050600 -12.5217 -12
1050700 -12.9932 -12
1050800 -13.1815 -12
1050900 -12.9824 -12
1051000 -12.811 -12
1051100 -12.734 -12
1051200 -12.8224 -12
1051300 -12.6538 -12
1051400 -12.5939 -12
1051500 -12.859 -12
1051600 -13.1994 -12
1051700 -13.4131 -12
1051800 -13.4501 -12
1051900 -13.6805 -12
1052000 -13.8568 -12
1052100 -13.5785 -12
1052200 -13.2378 -12
1052300 -12.9843 -12
1052400 -12.6988 -12
1052500 -12.6182 -12
1052600 -12.7559 -12
1052700 -12.8996 -12
1052800 -13.3898 -12
1052900 -13.4079 -12
1053000 -13.1252 -12
1053100 -12.8069 -12
1053200 -12.3333 -12
1053300 -12.3154 -12
1053400 -12.6155 -12
1053500 -12.6852 -12
1053600 -12.6436 -12
1053700 -12.5917 -12
1053800 -12.4389 -12
1053900 -12.0266 -12
1054000 -11.673 -12
1054100 -11.6892 -12
1054200 -12.116 -12
1054300 -12.4774 -12
1054400 -12.6229 -12
1054500 -12.6097 -12
1054600 -12.5974 -12
1054700 -12.6825 -12
1054800 -12.7551 -12
1054900 -12.4626 -12
1055000 -12.2757 -12
1055100 -12.3184 -12
1055200 -12.2457 -12
1055300 -12.3462 -12
1055400 -12.5456 -12
1055500 -12.5294 -12
1055600 -12.6093 -12
1055700 -12.948 -12
1055800 -13.1739 -12
1055900 -13.0146 -12
1056000 -12.4055 -12
1056100 -11.8123 -12
1056200 -11.726 -12
1056300 -12.0681 -12
1056400 -12.2384 -12
1056500 -11.8971 -12
1056600 -11.8354 -12
1056700 -12.4226 -12
1056800 -12.9499 -12
1056900 -13.2008 -12
1057000 -13.1756 -12
1057100 -12.8446 -12
1057200 -12.4646 -12
1057300 -12.1274 -12
1057400 -11.9558 -12
1057500 -11.8991 -12
1057600 -11.9599 -12
1057700 -12.2016 -12
1057800 -12.5584 -12
1057900 -12.6043 -12
1058000 -12.4835 -12
1058100 -12.4361 -12
1058200 -12.599 -12
1058300 -13.0524 -12
1058400 -13.1451 -12
1058500 -12.7266 -12
1058600 -12.2259 -12
1058700 -11.5846 -12
1058800 -11.1288 -12
1058900 -11.3646 -12
1059000 -11.7354 -12
1059100 -12.1087 -12
1059200 -12.6755 -12
1059300 -13.3043 -12
1059400 -13.5324 -12
1059500 -13.2905 -12
1059600 -12.9582 -12
1059700 -12.4004 -12
1059800 -11.6209 -12
1059900 -11.3056 -12
1060000 -11.7947 -12
1060100 -12.6268 -12
1060200 -13.0332 -12
1060300 -13.0192 -12
1060400 -13.0192 -12
1060500 -12.856 -12
1060600 -12.6927 -12
1060700 -12.5341 -12
1060800 -12.0324 -12
1060900 -11.6872 -12
1061000 -11.5833 -12
1061100 -11.8199 -12
1061200 -12.2087 -12
1061300 -12.2419 -12
1061400 -12.2454 -12
1061500 -12.3746 -12
1061600 -12.662 -12
1061700 -12.6445 -12
1061800 -12.175 -12
1061900 -11.6904 -12
1062000 -11.5117 -12
1062100 -11.6661 -12
1062200 -11.9793 -12
1062300 -12.4745 -12
1062400 -12.9297 -12
1062500 -13.2241 -12
1062600 -13.3749 -12
1062700 -13.4042 -12
1062800 -13.3774 -12
1062900 -13.3089 -12
1063000 -12.9237 -12
1063100 -12.6034 -12
1063200 -12.5945 -12
1063300 -12.9057 -12
1063400 -13.1775 -12
1063500 -13.3698 -12
1063600 -13.2944 -12
1063700 -13.3154 -12
1063800 -13.343 -12
1063900 -13.1879 -12
1064000 -12.8492 -12
1064100 -12.6001 -12
1064200 -12.4391 -12
1064300 -12.4699 -12
1064400 -12.7234 -12
1064500 -13.0796 -12
1064600 -13.5245 -12
1064700 -13.2677 -12
1064800 -12.7825 -12
1064900 -12.4467 -12
1065000 -12.3115 -12
1065100 -12.3506 -12
1065200 -12.5191 -12
1065300 -12.2574 -12
1065400 -11.9064 -12
1065500 -11.6544 -12
1065600 -11.4756 -12
1065700 -11.7073 -12
1065800 -12.1967 -12
1065900 -12.6882 -12
1066000 -13.1667 -12
1066100 -13.3865 -12
1066200 -13.6218 -12
1066300 -13.6346 -12
1066400 -13.2157 -12
1066500 -12.5545 -12
1066600 -12.0889 -12
1066700 -11.9333 -12
1066800 -12.318 -12
1066900 -12.9023 -12
1067000 -13.0788 -12
1067100 -13.029 -12
1067200 -12.9341 -12
1067300 -12.5859 -12
1067400 -12.2554 -12
1067500 -12.2002 -12
1067600 -12.1043 -12
1067700 -12.0848 -12
1067800 -12.3044 -12
1067900 -12.5236 -12
1068000 -12.7473 -12
1068100 -13.1138 -12
1068200 -13.422 -12
1068300 -13.4442 -12
1068400 -13.6286 -12
1068500 -13.5279 -12
1068600 -13.0568 -12
1068700 -12.5692 -12
1068800 -12.4592 -12
1068900 -12.5472 -12
1069000 -12.6848 -12
1069100 -12.7031 -12
1069200 -12.8205 -12
1069300 -12.6439 -12
1069400 -12.38 -12
1069500 -12.3559 -12
1069600 -12.2835 -12
1069700 -11.9792 -12
1069800 -11.8169 -12
1069900 -12.1138 -12
1070000 -12.5538 -12
1070100 -12.8943 -12
1070200 -13.1158 -12
1070300 -13.0354 -12
1070400 -12.6231 -12
1070500 -12.4007 -12
1070600 -12.4823 -12
1070700 -12.8084 -12
1070800 -13.0899 -12
1070900 -13.3499 -12
1071000 -13.6848 -12
1071100 -14.0175 -12
1071200 -14.1704 -12
1071300 -14.1071 -12
1071400 -13.7673 -12
1071500 -13.0468 -12
1071600 -12.3415 -12
1071700 -11.6042 -12
1071800 -11.1157 -12
1071900 -11.1677 -12
1072000 -11.4801 -12
1072100 -11.8532 -12
1072200 -12.1168 -12
1072300 -12.3445 -12
1072400 -12.5452 -12
1072500 -12.8082 -12
1072600 -13.2531 -12
1072700 -13.4574 -12
1072800 -13.2297 -12
1072900 -13.0895 -12
1073000 -12.9434 -12
1073100 -12.8007 -12
1073200 -12.6094 -12
1073300 -12.4034 -12
1073400 -12.2503 -12
1073500 -12.237 -12
1073600 -12.5085 -12
1073700 -12.8944 -12
1073800 -13.2477 -12
1073900 -13.3613 -12
1074000 -13.3367 -12
1074100 -13.4295 -12
1074200 -13.4079 -12
1074300 -13.1956 -12
1074400 -13.0828 -12
1074500 -12.8427 -12
1074600 -12.4685 -12
1074700 -12.0573 -12
1074800 -11.7138 -12
1074900 -11.7969 -12
1075000 -12.0722 -12
1075100 -12.4815 -12
1075200 -12.7419 -12
1075300 -12.8943 -12
1075400 -12.9611 -12
1075500 -12.9405 -12
1075600 -12.7105 -12
1075700 -12.284 -12
1075800 -12.1823 -12
1075900 -12.0831 -12
1076000 -11.8568 -12
1076100 -11.905 -12
1076200 -12.0413 -12
1076300 -11.9419 -12
1076400 -11.878 -12
1076500 -12.0299 -12
1076600 -12.1333 -12
1076700 -12.6439 -12
1076800 -13.254 -12
1076900 -13.3089 -12
1077000 -12.9474 -12
1077100 -12.6646 -12
1077200 -12.2125 -12
1077300 -11.8523 -12
1077400 -11.4497 -12
1077500 -11.2483 -12
1077600 -11.5262 -12
1077700 -12.0405 -12
1077800 -12.6363 -12
1077900 -12.9939 -12
1078000 -13.3168 -12
1078100 -13.4766 -12
1078200 -13.2254 -12
1078300 -12.7653 -12
1078400 -12.3109 -12
1078500 -12.1335 -12
1078600 -12.0621 -12
1078700 -12.1802 -12
1078800 -12.2889 -12
1078900 -12.1976 -12
1079000 -12.069 -12
1079100 -12.2595 -12
1079200 -12.3394 -12
1079300 -12.3851 -12
1079400 -12.5159 -12
1079500 -12.5204 -12
1079600 -12.5385 -12
1079700 -12.3692 -12
1079800 -12.3313 -12
1079900 -12.4184 -12
1080000 -12.5011 -12
1080100 -12.6899 -12
1080200 -12.6817 -12
1080300 -12.5822 -12
1080400 -12.4948 -12
1080500 -12.5304 -12
1080600 -12.4527 -12
1080700 -12.7484 -12
1080800 -13.2235 -12
1080900 -13.5903 -12
1081000 -13.4367 -12
1081100 -13.229 -12
1081200 -13.0565 -12
1081300 -12.7179 -12
1081400 -12.4843 -12
1081500 -12.4405 -12
1081600 -12.5158 -12
1081700 -12.7759 -12
1081800 -12.9388 -12
1081900 -12.9716 -12
1082000 -12.9774 -12
1082100 -12.9034 -12
1082200 -12.8435 -12
1082300 -12.9257 -12
1082400 -12.9061 -12
1082500 -13.0908 -12
1082600 -13.3606 -12
1082700 -13.4809 -12
1082800 -13.2807 -12
1082900 -12.8828 -12
1083000 -12.8233 -12
1083100 -12.78 -12
1083200 -12.6557 -12
1083300 -12.5346 -12
1083400 -12.5119 -12
1083500 -12.5516 -12
1083600 -12.5867 -12
1083700 -12.7701 -12
1083800 -12.9491 -12
1083900 -12.9543 -12
1084000 -12.6836 -12
1084100 -12.5518 -12
1084200 -12.6192 -12
1084300 -12.7292 -12
1084400 -12.8322 -12
1084500 -12.8408 -12
1084600 -12.7792 -12
1084700 -12.7572 -12
1084800 -12.622 -12
1084900 -12.5225 -12
1085000 -12.4415 -12
1085100 -12.648 -12
1085200 -12.8302 -12
1085300 -13.1574 -12
1085400 -13.4432 -12
1085500 -13.2953 -12
1085600 -12.9397 -12
1085700 -12.9244 -12
1085800 -13.0148 -12
1085900 -12.8639 -12
1086000 -12.6414 -12
1086100 -12.6954 -12
1086200 -13.01 -12
1086300 -13.1807 -12
1086400 -13.4566 -12
1086500 -13.6046 -12
1086600 -13.4893 -12
1086700 -13.1223 -12
1086800 -12.6883 -12
1086900 -12.1284 -12
1087000 -11.6795 -12
1087100 -11.8125 -12
1087200 -12.2988 -12
1087300 -12.7733 -12
1087400 -13.2932 -12
1087500 -13.6354 -12
1087600 -13.7275 -12
1087700 -13.7829 -12
1087800 -13.7521 -12
1087900 -13.2163 -12
1088000 -12.5174 -12
1088100 -11.9264 -12
1088200 -11.6531 -12
1088300 -11.6726 -12
1088400 -12.1368 -12
1088500 -12.5098 -12
1088600 -13.0575 -12
1088700 -13.4339 -12
1088800 -13.4424 -12
1088900 -13.3836 -12
1089000 -13.1001 -12
1089100 -12.5935 -12
1089200 -12.1467 -12
1089300 -12.2647 -12
1089400 -12.6784 -12
1089500 -13.2651 -12
1089600 -13.8138 -12
1089700 -13.807 -12
1089800 -13.4301 -12
1089900 -13.0478 -12
1090000 -12.592 -12
1090100 -12.0786 -12
1090200 -11.6836 -12
1090300 -11.7023 -12
1090400 -12.0374 -12
1090500 -12.2929 -12
1090600 -12.3787 -12
1090700 -12.6221 -12
1090800 -12.6503 -12
1090900 -12.2873 -12
1091000 -11.926 -12
1091100 -11.7931 -12
1091200 -11.9169 -12
1091300 -12.0072 -12
1091400 -12.3312 -12
1091500 -12.8441 -12
1091600 -13.1443 -12
1091700 -13.1257 -12
1091800 -12.9363 -12
1091900 -12.7098 -12
1092000 -12.4031 -12
1092100 -12.1702 -12
1092200 -11.6766 -12
1092300 -11.3 -12
1092400 -11.282 -12
1092500 -11.8516 -12
1092600 -12.3331 -12
1092700 -12.6196 -12
1092800 -12.3955 -12
1092900 -12.3291 -12
1093000 -12.45 -12
1093100 -12.7289 -12
1093200 -12.7777 -12
1093300 -12.8401 -12
1093400 -13.0109 -12
1093500 -13.5538 -12
1093600 -13.9833 -12
1093700 -13.8417 -12
1093800 -13.3055 -12
1093900 -12.8068 -12
1094000 -12.5391 -12
1094100 -12.3335 -12
1094200 -12.2861 -12
1094300 -12.5646 -12
1094400 -13.0841 -12
1094500 -13.731 -12
1094600 -14.1206 -12
1094700 -14.3444 -12
1094800 -14.1683 -12
1094900 -13.7595 -12
1095000 -13.1137 -12
1095100 -12.6305 -12
1095200 -12.3201 -12
1095300 -12.1336 -12
1095400 -12.2027 -12
1095500 -12.2862 -12
1095600 -12.6286 -12
1095700 -13.0982 -12
1095800 -13.437 -12
1095900 -13.5923 -12
1096000 -13.4234 -12
1096100 -13.0203 -12
1096200 -12.4986 -12
1096300 -12.0928 -12
1096400 -11.9853 -12
1096500 -12.4361 -12
1096600 -12.6827 -12
1096700 -12.6471 -12
1096800 -12.5517 -12
1096900 -12.9133 -12
1097000 -13.2158 -12
1097100 -13.4586 -12
1097200 -13.5713 -12
1097300 -13.56 -12
1097400 -13.5124 -12
1097500 -13.3923 -12
1097600 -13.3173 -12
1097700 -13.2836 -12
1097800 -13.1108 -12
1097900 -12.792 -12
1098000 -12.3859 -12
1098100 -12.1506 -12
1098200 -12.1127 -12
1098300 -12.2026 -12
1098400 -12.3563 -12
1098500 -12.7584 -12
1098600 -13.2748 -12
1098700 -13.7735 -12
1098800 -13.8804 -12
1098900 -13.5411 -12
1099000 -13.1406 -12
1099100 -12.6559 -12
1099200 -12.2562 -12
1099300 -12.217 -12
1099400 -12.6693 -12
1099500 -12.8931 -12
1099600 -12.874 -12
1099700 -12.6285 -12
1099800 -12.3409 -12
1099900 -12.5136 -12
1100000 -12.7008 -12
1100100 -12.7531 -12
1100200 -12.8029 -12
1100300 -12.7427 -12
1100400 -12.3245 -12
1100500 -11.9985 -12
1100600 -11.7245 -12
1100700 -11.7436 -12
1100800 -12.1745 -12
1100900 -12.5029 -12
1101000 -12.9032 -12
1101100 -13.0073 -12
1101200 -12.952 -12
1101300 -12.5624 -12
1101400 -12.3579 -12
1101500 -12.4881 -12
1101600 -12.591 -12
1101700 -12.6607 -12
1101800 -12.6011 -12
1101900 -12.4893 -12
1102000 -12.5637 -12
1102100 -12.5531 -12
1102200 -12.6489 -12
1102300 -13.1188 -12
1102400 -13.3107 -12
1102500 -13.5486 -12
1102600 -13.7633 -12
1102700 -13.5369 -12
1102800 -13.3692 -12
1102900 -13.3133 -12
1103000 -12.9777 -12
1103100 -12.7603 -12
1103200 -12.7367 -12
1103300 -12.8122 -12
1103400 -12.7638 -12
1103500 -12.601 -12
1103600 -12.4698 -12
1103700 -12.1481 -12
1103800 -11.6901 -12
1103900 -11.7616 -12
1104000 -12.0649 -12
1104100 -12.417 -12
1104200 -12.6996 -12
1104300 -12.8373 -12
1104400 -12.6426 -12
1104500 -12.5021 -12
1104600 -12.3534 -12
1104700 -12.3516 -12
1104800 -12.6217 -12
1104900 -12.7135 -12
1105000 -12.5265 -12
1105100 -12.4376 -12
1105200 -12.6193 -12
1105300 -13.0287 -12
1105400 -13.0976 -12
1105500 -12.6197 -12
1105600 -11.9923 -12
1105700 -11.5146 -12
1105800 -11.642 -12
1105900 -12.1595 -12
1106000 -12.7553 -12
1106100 -13.2567 -12
1106200 -13.7218 -12
1106300 -13.8422 -12
1106400 -13.6975 -12
1106500 -13.2595 -12
1106600 -12.7107 -12
1106700 -12.0426 -12
1106800 -11.6854 -12
1106900 -11.6881 -12
1107000 -12.0517 -12
1107100 -12.3772 -12
1107200 -12.6925 -12
1107300 -12.878 -12
1107400 -13.0946 -12
1107500 -13.0798 -12
1107600 -13.1532 -12
1107700 -13.4511 -12
1107800 -13.6824 -12
1107900 -13.7944 -12
1108000 -13.7931 -12
1108100 -13.7631 -12
1108200 -13.6098 -12
1108300 -13.5398 -12
1108400 -13.3321 -12
1108500 -13.0592 -12
1108600 -12.9235 -12
1108700 -13.1011 -12
1108800 -13.408 -12
1108900 -13.3813 -12
1109000 -13.2475 -12
1109100 -13.0816 -12
1109200 -12.6336 -12
1109300 -12.2372 -12
1109400 -12.1629 -12
1109500 -12.3658 -12
1109600 -12.6661 -12
1109700 -13.1844 -12
1109800 -13.7516 -12
1109900 -13.9146 -12
1110000 -13.8374 -12
1110100 -13.4001 -12
1110200 -12.7697 -12
1110300 -12.1709 -12
1110400 -11.7067 -12
1110500 -11.2888 -12
1110600 -11.4348 -12
1110700 -12.0255 -12
1110800 -12.8578 -12
1110900 -13.3492 -12
1111000 -13.4401 -12
1111100 -13.2848 -12
1111200 -12.995 -12
1111300 -12.3442 -12
1111400 -11.6297 -12
1111500 -11.2082 -12
1111600 -11.2575 -12
1111700 -11.8445 -12
1111800 -12.4283 -12
1111900 -12.9083 -12
1112000 -13.1198 -12
1112100 -13.2215 -12
1112200 -13.2068 -12
1112300 -13.2472 -12
1112400 -13.4228 -12
1112500 -13.2891 -12
1112600 -12.9652 -12
1112700 -12.7615 -12
1112800 -12.6946 -12
1112900 -12.6452 -12
1113000 -12.5358 -12
1113100 -12.4089 -12
1113200 -12.5701 -12
1113300 -12.8243 -12
1113400 -12.9494 -12
1113500 -12.8071 -12
1113600 -12.717 -12
1113700 -12.8482 -12
1113800 -13.0679 -12
1113900 -13.0135 -12
1114000 -12.8434 -12
1114100 -12.9774 -12
1114200 -13.0966 -12
1114300 -12.991 -12
1114400 -12.9342 -12
1114500 -12.8106 -12
1114600 -12.6296 -12
1114700 -12.7163 -12
1114800 -12.9721 -12
1114900 -13.199 -12
1115000 -13.2829 -12
1115100 -13.2641 -12
1115200 -13.0195 -12
1115300 -12.701 -12
1115400 -12.4019 -12
1115500 -12.3115 -12
1115600 -12.3045 -12
1115700 -12.5374 -12
1115800 -12.7084 -12
1115900 -12.7149 -12
1116000 -12.5394 -12
1116100 -12.5312 -12
1116200 -12.5993 -12
1116300 -12.6482 -12
1116400 -12.6456 -12
1116500 -12.6723 -12
1116600 -12.4832 -12
1116700 -12.386 -12
1116800 -12.5163 -12
1116900 -12.7123 -12
1117000 -12.7512 -12
1117100 -12.8548 -12
1117200 -12.8199 -12
1117300 -12.751 -12
1117400 -12.6753 -12
1117500 -12.3337 -12
1117600 -11.9897 -12
1117700 -11.8089 -12
1117800 -11.649 -12
1117900 -11.4634 -12
1118000 -11.6765 -12
1118100 -12.2134 -12
1118200 -12.7794 -12
1118300 -13.0413 -12
1118400 -13.4027 -12
1118500 -13.6184 -12
1118600 -13.515 -12
1118700 -13.1845 -12
1118800 -12.5893 -12
1118900 -12.0276 -12
1119000 -11.6896 -12
1119100 -12.0269 -12
1119200 -12.8043 -12
1119300 -13.5004 -12
1119400 -13.8464 -12
1119500 -13.9404 -12
1119600 -13.7127 -12
1119700 -13.3621 -12
1119800 -12.6161 -12
1119900 -12.3326 -12
1120000 -12.3485 -12
1120100 -12.4038 -12
1120200 -12.5315 -12
1120300 -12.6974 -12
1120400 -12.7121 -12
1120500 -12.7969 -12
1120600 -13.221 -12
1120700 -13.5574 -12
1120800 -13.5713 -12
1120900 -13.388 -12
1121000 -13.0834 -12
1121100 -12.8624 -12
1121200 -12.7559 -12
1121300 -12.5817 -12
1121400 -12.6222 -12
1121500 -12.7181 -12
1121600 -12.6926 -12
1121700 -12.9726 -12
1121800 -13.2466 -12
1121900 -13.4985 -12
1122000 -13.5077 -12
1122100 -13.4466 -12
1122200 -13.38 -12
1122300 -13.0907 -12
1122400 -12.647 -12
1122500 -12.5822 -12
1122600 -12.7516 -12
1122700 -12.9366 -12
1122800 -13.2262 -12
1122900 -13.2828 -12
1123000 -13.0397 -12
1123100 -12.3769 -12
1123200 -12.0023 -12
1123300 -11.8815 -12
1123400 -11.8482 -12
1123500 -12.3205 -12
1123600 -12.7008 -12
1123700 -12.8578 -12
1123800 -13.0259 -12
1123900 -13.1035 -12
1124000 -12.9948 -12
1124100 -12.5855 -12
1124200 -12.0355 -12
1124300 -11.8332 -12
1124400 -12.0088 -12
1124500 -12.4571 -12
1124600 -12.9349 -12
1124700 -13.181 -12
1124800 -13.3625 -12
1124900 -13.4428 -12
1125000 -13.0279 -12
1125100 -12.3783 -12
1125200 -12.0669 -12
1125300 -11.9177 -12
1125400 -11.8613 -12
1125500 -12.1712 -12
1125600 -12.5121 -12
1125700 -12.6744 -12
1125800 -12.885 -12
1125900 -12.9367 -12
1126000 -12.7546 -12
1126100 -12.7458 -12
1126200 -12.6375 -12
1126300 -12.3969 -12
1126400 -12.5288 -12
1126500 -12.5509 -12
1126600 -12.5291 -12
1126700 -12.4004 -12
1126800 -12.2364 -12
1126900 -12.0985 -12
1127000 -12.0541 -12
1127100 -12.3047 -12
1127200 -12.877 -12
1127300 -13.0895 -12
1127400 -12.8894 -12
1127500 -12.2998 -12
1127600 -11.8853 -12
1127700 -11.983 -12
1127800 -12.4609 -12
1127900 -12.8462 -12
1128000 -12.8462 -12
1128100 -12.7815 -12
1128200 -12.8142 -12
1128300 -12.6551 -12
1128400 -12.5297 -12
1128500 -12.4396 -12
1128600 -12.4889 -12
1128700 -12.6649 -12
1128800 -12.5829 -12
1128900 -12.3967 -12
1129000 -12.1605 -12
1129100 -12.2131 -12
1129200 -12.3827 -12
1129300 -12.6994 -12
1129400 -12.8484 -12
1129500 -12.6631 -12
1129600 -12.4896 -12
1129700 -12.1513 -12
1129800 -11.9263 -12
1129900 -11.8276 -12
1130000 -12.0734 -12
1130100 -12.3308 -12
1130200 -12.7426 -12
1130300 -12.9151 -12
1130400 -12.8863 -12
1130500 -12.8619 -12
1130600 -13.0517 -12
1130700 -13.3219 -12
1130800 -13.4596 -12
1130900 -13.6245 -12
1131000 -13.4661 -12
1131100 -13.1289 -12
1131200 -12.7622 -12
1131300 -12.7738 -12
1131400 -13.0143 -12
1131500 -13.222 -12
1131600 -13.2918 -12
1131700 -13.4977 -12
1131800 -13.4412 -12
1131900 -13.3821 -12
1132000 -13.0932 -12
1132100 -12.5379 -12
1132200 -11.9066 -12
1132300 -11.8549 -12
1132400 -12.2258 -12
1132500 -12.5546 -12
1132600 -12.8923 -12
1132700 -12.937 -12
1132800 -12.833 -12
1132900 -12.7181 -12
1133000 -12.4275 -12
1133100 -12.1966 -12
1133200 -12.1354 -12
1133300 -12.2457 -12
1133400 -12.5317 -12
1133500 -12.391 -12
1133600 -11.9548 -12
1133700 -11.7624 -12
1133800 -11.783 -12
1133900 -11.6552 -12
1134000 -11.6878 -12
1134100 -11.9081 -12
1134200 -12.1322 -12
1134300 -12.101 -12
1134400 -12.0288 -12
1134500 -12.083 -12
1134600 -12.1574 -12
1134700 -12.2016 -12
1134800 -12.3384 -12
1134900 -12.4314 -12
1135000 -12.5816 -12
1135100 -12.7911 -12
1135200 -13.1229 -12
1135300 -13.127 -12
1135400 -13.0167 -12
1135500 -13.2725 -12
1135600 -13.5171 -12
1135700 -13.4842 -12
1135800 -13.1822 -12
1135900 -12.7506 -12
1136000 -12.6091 -12
1136100 -12.7812 -12
1136200 -12.8013 -12
1136300 -12.7467 -12
1136400 -12.7165 -12
1136500 -12.7625 -12
1136600 -12.779 -12
1136700 -12.9529 -12
1136800 -13.1553 -12
1136900 -13.3127 -12
1137000 -13.3666 -12
1137100 -13.4904 -12
1137200 -13.5185 -12
1137300 -13.0664 -12
1137400 -12.8513 -12
1137500 -12.5898 -12
1137600 -12.0974 -12
1137700 -11.6626 -12
1137800 -11.5525 -12
1137900 -12.0619 -12
1138000 -12.5671 -12
1138100 -12.9112 -12
1138200 -12.9443 -12
1138300 -12.6652 -12
1138400 -12.3068 -12
1138500 -12.3152 -12
1138600 -12.3889 -12
1138700 -12.5508 -12
1138800 -12.817 -12
1138900 -12.9868 -12
1139000 -12.9448 -12
1139100 -12.6792 -12
1139200 -12.3737 -12
1139300 -11.9754 -12
1139400 -11.8847 -12
1139500 -12.3549 -12
1139600 -12.6971 -12
1139700 -12.9807 -12
1139800 -13.4898 -12
1139900 -13.4312 -12
1140000 -13.221 -12
1140100 -13.1591 -12
1140200 -13.0861 -12
1140300 -12.9685 -12
1140400 -12.7097 -12
1140500 -12.8198 -12
1140600 -12.8709 -12
1140700 -12.8465 -12
1140800 -12.9806 -12
1140900 -13.1322 -12
1141000 -13.0999 -12
1141100 -13.1316 -12
1141200 -13.4005 -12
1141300 -13.403 -12
1141400 -13.1166 -12
1141500 -12.6253 -12
1141600 -12.1877 -12
1141700 -11.9262 -12
1141800 -11.8425 -12
1141900 -11.8838 -12
1142000 -12.0937 -12
1142100 -12.4158 -12
1142200 -12.4427 -12
1142300 -12.3184 -12
1142400 -12.3963 -12
1142500 -12.5136 -12
1142600 -12.7527 -12
1142700 -12.8811 -12
1142800 -13.0483 -12
1142900 -13.2139 -12
1143000 -13.1922 -12
1143100 -12.7639 -12
1143200 -12.2922 -12
1143300 -12.078 -12
1143400 -12.0428 -12
1143500 -12.2513 -12
1143600 -12.6055 -12
1143700 -12.7669 -12
1143800 -12.9885 -12
1143900 -13.1178 -12
1144000 -13.0903 -12
1144100 -13.15 -12
1144200 -13.1581 -12
1144300 -12.7677 -12
1144400 -12.5483 -12
1144500 -12.453 -12
1144600 -12.3917 -12
1144700 -12.3716 -12
1144800 -12.4514 -12
1144900 -12.5988 -12
1145000 -12.6237 -12
1145100 -12.5138 -12
1145200 -12.2655 -12
1145300 -12.2931 -12
1145400 -12.6228 -12
1145500 -12.6845 -12
1145600 -12.6618 -12
1145700 -12.7304 -12
1145800 -12.5779 -12
1145900 -12.3858 -12
1146000 -12.3387 -12
1146100 -12.2747 -12
1146200 -12.1861 -12
1146300 -12.0005 -12
1146400 -12.0575 -12
1146500 -12.2393 -12
1146600 -12.2332 -12
1146700 -12.3615 -12
1146800 -12.6835 -12
1146900 -13.1292 -12
1147000 -13.4973 -12
1147100 -13.7309 -12
1147200 -13.7491 -12
1147300 -13.5181 -12
1147400 -13.0041 -12
1147500 -12.6145 -12
1147600 -12.3773 -12
1147700 -11.9862 -12
1147800 -11.8196 -12
1147900 -11.8242 -12
1148000 -12.0299 -12
1148100 -12.4207 -12
1148200 -12.852 -12
1148300 -13.0191 -12
1148400 -12.8667 -12
1148500 -12.4051 -12
1148600 -12.0355 -12
1148700 -11.8664 -12
1148800 -11.7524 -12
1148900 -11.905 -12
1149000 -12.3224 -12
1149100 -12.784 -12
1149200 -13.1857 -12
1149300 -13.3704 -12
1149400 -13.3663 -12
1149500 -13.2028 -12
1149600 -13.1299 -12
1149700 -13.2082 -12
1149800 -13.1844 -12
1149900 -13.0801 -12
1150000 -12.9879 -12
