# Time-averaged data for fix myat1
# TimeStep v_xave v_xdes
1830100 3.89629 4
1830200 3.69993 4
1830300 3.52182 4
1830400 3.3807 4
1830500 3.1904 4
1830600 3.09439 4
1830700 3.2072 4
1830800 3.40959 4
1830900 3.71531 4
1831000 3.81672 4
1831100 3.74062 4
1831200 3.77938 4
1831300 3.89908 4
1831400 4.23263 4
1831500 4.6347 4
1831600 4.96908 4
1831700 5.38801 4
1831800 5.52407 4
1831900 5.19329 4
1832000 4.49617 4
1832100 3.70289 4
1832200 3.0553 4
1832300 2.54736 4
1832400 2.4905 4
1832500 2.65573 4
1832600 2.90266 4
1832700 3.10012 4
1832800 3.44898 4
1832900 4.00637 4
1833000 4.50455 4
1833100 4.52758 4
1833200 4.49752 4
1833300 4.26905 4
1833400 3.77537 4
1833500 3.39533 4
1833600 3.2728 4
1833700 3.43147 4
1833800 3.6129 4
1833900 3.74747 4
1834000 3.76473 4
1834100 3.76615 4
1834200 3.92282 4
1834300 4.05339 4
1834400 3.98596 4
1834500 3.92136 4
1834600 3.67867 4
1834700 3.28904 4
1834800 2.73408 4
1834900 2.26727 4
1835000 1.98744 4
1835100 1.98117 4
1835200 2.25761 4
1835300 2.66278 4
1835400 3.02572 4
1835500 3.56602 4
1835600 3.94296 4
1835700 4.10422 4
1835800 4.31402 4
1835900 4.65881 4
1836000 4.89217 4
1836100 5.26226 4
1836200 5.56955 4
1836300 5.70745 4
1836400 5.89869 4
1836500 6.03525 4
1836600 6.02748 4
1836700 5.91387 4
1836800 5.46034 4
1836900 4.77342 4
1837000 4.07594 4
1837100 3.73635 4
1837200 3.71582 4
1837300 3.78203 4
1837400 3.67648 4
1837500 3.38497 4
1837600 3.26048 4
1837700 3.41993 4
1837800 3.89834 4
1837900 4.32812 4
1838000 4.57841 4
1838100 4.87895 4
1838200 5.03456 4
1838300 5.19428 4
1838400 4.87599 4
1838500 4.44655 4
1838600 4.14307 4
1838700 3.99155 4
1838800 4.07624 4
1838900 4.27375 4
1839000 4.40692 4
1839100 4.4388 4
1839200 4.57939 4
1839300 4.65902 4
1839400 4.68331 4
1839500 4.51697 4
1839600 4.35999 4
1839700 4.15035 4
1839800 4.15946 4
1839900 3.97764 4
1840000 3.86041 4
1840100 3.84933 4
1840200 4.07088 4
1840300 3.96608 4
1840400 3.87653 4
1840500 4.02537 4
1840600 4.05439 4
1840700 3.96826 4
1840800 3.97164 4
1840900 4.05471 4
1841000 4.28832 4
1841100 4.57223 4
1841200 4.70407 4
1841300 4.61737 4
1841400 3.96728 4
1841500 3.18757 4
1841600 2.66056 4
1841700 2.77653 4
1841800 3.3523 4
1841900 3.89122 4
1842000 4.35749 4
1842100 4.64589 4
1842200 4.77874 4
1842300 4.94333 4
1842400 5.13203 4
1842500 5.19702 4
1842600 5.02795 4
1842700 4.89178 4
1842800 5.06205 4
1842900 5.00592 4
1843000 4.63767 4
1843100 4.29096 4
1843200 3.94487 4
1843300 3.7979 4
1843400 3.61301 4
1843500 3.35296 4
1843600 3.38152 4
1843700 3.44517 4
1843800 3.54464 4
1843900 3.52802 4
1844000 3.50726 4
1844100 3.59335 4
1844200 3.70525 4
1844300 3.80225 4
1844400 3.90446 4
1844500 3.9541 4
1844600 4.04216 4
1844700 4.03344 4
1844800 3.74642 4
1844900 3.56411 4
1845000 3.497 4
1845100 3.56729 4
1845200 3.689 4
1845300 3.80555 4
1845400 3.7499 4
1845500 3.57337 4
1845600 3.69235 4
1845700 3.84787 4
1845800 3.83601 4
1845900 3.67604 4
1846000 3.5898 4
1846100 3.55599 4
1846200 3.73661 4
1846300 4.25143 4
1846400 4.42862 4
1846500 4.33695 4
1846600 4.03207 4
1846700 4.15914 4
1846800 4.4516 4
1846900 4.58727 4
1847000 4.55155 4
1847100 4.47874 4
1847200 4.30905 4
1847300 3.83495 4
1847400 3.49734 4
1847500 3.74988 4
1847600 4.22696 4
1847700 4.32885 4
1847800 4.02472 4
1847900 3.82388 4
1848000 3.82964 4
1848100 3.69919 4
1848200 3.50182 4
1848300 3.28213 4
1848400 3.1576 4
1848500 2.94176 4
1848600 2.81015 4
1848700 2.79331 4
1848800 2.89068 4
1848900 3.02849 4
1849000 3.53615 4
1849100 4.07053 4
1849200 4.43011 4
1849300 4.37488 4
1849400 4.05279 4
1849500 3.88115 4
1849600 3.99541 4
1849700 4.1189 4
1849800 4.18577 4
1849900 4.20609 4
1850000 4.14364 4
1850100 4.03146 4
1850200 3.81269 4
1850300 3.62314 4
1850400 3.55213 4
1850500 3.56599 4
1850600 3.63496 4
1850700 3.80812 4
1850800 3.90415 4
1850900 3.91906 4
1851000 3.78616 4
1851100 3.30776 4
1851200 2.93182 4
1851300 2.85558 4
1851400 3.11053 4
1851500 3.51656 4
1851600 3.6741 4
1851700 4.25199 4
1851800 4.99695 4
1851900 5.23657 4
1852000 5.19924 4
1852100 5.10965 4
1852200 4.55063 4
1852300 3.69908 4
1852400 2.99077 4
1852500 2.53925 4
1852600 2.60141 4
1852700 2.96986 4
1852800 3.40144 4
1852900 3.82034 4
1853000 4.36978 4
1853100 4.90484 4
1853200 5.37021 4
1853300 5.3811 4
1853400 5.07454 4
1853500 4.72204 4
1853600 4.3647 4
1853700 3.92936 4
1853800 3.71904 4
1853900 3.68361 4
1854000 3.76719 4
1854100 3.88444 4
1854200 3.82407 4
1854300 3.6911 4
1854400 3.46373 4
1854500 3.19647 4
1854600 3.26476 4
1854700 3.62514 4
1854800 3.8964 4
1854900 4.09292 4
1855000 4.4242 4
1855100 4.85695 4
1855200 4.94799 4
1855300 4.84509 4
1855400 4.71532 4
1855500 4.67134 4
1855600 4.73462 4
1855700 4.65958 4
1855800 4.43423 4
1855900 4.08794 4
1856000 3.74472 4
1856100 3.40627 4
1856200 3.2177 4
1856300 3.26495 4
1856400 3.40013 4
1856500 3.71561 4
1856600 4.1789 4
1856700 4.59976 4
1856800 4.60303 4
1856900 4.59866 4
1857000 4.53612 4
1857100 4.58029 4
1857200 4.71825 4
1857300 4.78531 4
1857400 4.79799 4
1857500 4.39651 4
1857600 3.89836 4
1857700 3.3076 4
1857800 2.89222 4
1857900 2.75328 4
1858000 2.876 4
1858100 3.2675 4
1858200 3.76495 4
1858300 3.98358 4
1858400 3.84547 4
1858500 3.50533 4
1858600 3.04089 4
1858700 3.10189 4
1858800 3.64849 4
1858900 4.08278 4
1859000 4.2257 4
1859100 4.25008 4
1859200 4.34275 4
1859300 4.12859 4
1859400 3.69005 4
1859500 3.27798 4
1859600 3.15842 4
1859700 3.43395 4
1859800 3.76859 4
1859900 4.04948 4
1860000 4.10576 4
1860100 3.93801 4
1860200 3.71424 4
1860300 3.61215 4
1860400 3.64512 4
1860500 3.88075 4
1860600 4.04943 4
1860700 4.31369 4
1860800 4.37075 4
1860900 4.51211 4
1861000 4.37001 4
1861100 4.05933 4
1861200 3.71378 4
1861300 3.67536 4
1861400 4.2542 4
1861500 4.80972 4
1861600 4.92477 4
1861700 4.8215 4
1861800 4.61708 4
1861900 4.37766 4
1862000 4.09138 4
1862100 3.5954 4
1862200 3.06528 4
1862300 2.86499 4
1862400 2.81962 4
1862500 2.83316 4
1862600 3.20768 4
1862700 3.69645 4
1862800 3.87686 4
1862900 3.66577 4
1863000 3.55 4
1863100 3.61464 4
1863200 3.73189 4
1863300 3.7369 4
1863400 3.69976 4
1863500 3.95054 4
1863600 4.28248 4
1863700 4.21725 4
1863800 3.89581 4
1863900 3.62363 4
1864000 3.13062 4
1864100 2.69844 4
1864200 2.65344 4
1864300 2.96943 4
1864400 3.16462 4
1864500 3.04195 4
1864600 3.38857 4
1864700 4.08383 4
1864800 4.75527 4
1864900 5.00242 4
1865000 4.7958 4
1865100 4.479 4
1865200 4.26663 4
1865300 3.89576 4
1865400 3.66073 4
1865500 3.70267 4
1865600 3.79821 4
1865700 3.78227 4
1865800 3.59073 4
1865900 3.57113 4
1866000 3.60863 4
1866100 3.85149 4
1866200 3.93551 4
1866300 3.64956 4
1866400 3.34312 4
1866500 3.21914 4
1866600 3.19787 4
1866700 3.33203 4
1866800 3.60489 4
1866900 3.88164 4
1867000 4.11017 4
1867100 4.26919 4
1867200 4.57451 4
1867300 4.73938 4
1867400 4.82872 4
1867500 4.92163 4
1867600 4.5685 4
1867700 4.05242 4
1867800 3.56594 4
1867900 3.24432 4
1868000 3.09288 4
1868100 3.02823 4
1868200 3.15378 4
1868300 3.46977 4
1868400 3.79962 4
1868500 3.91015 4
1868600 4.18151 4
1868700 4.47214 4
1868800 4.64626 4
1868900 4.45653 4
1869000 4.04307 4
1869100 3.34939 4
1869200 3.03925 4
1869300 3.12512 4
1869400 3.27428 4
1869500 3.33519 4
1869600 3.11514 4
1869700 2.97617 4
1869800 2.91965 4
1869900 3.11359 4
1870000 3.4819 4
1870100 3.92166 4
1870200 4.27562 4
1870300 4.5212 4
1870400 4.61112 4
1870500 4.72746 4
1870600 4.75561 4
1870700 4.76163 4
1870800 4.85311 4
1870900 4.79491 4
1871000 4.48245 4
1871100 4.15064 4
1871200 4.07413 4
1871300 4.04335 4
1871400 4.10448 4
1871500 4.04242 4
1871600 4.01457 4
1871700 4.03231 4
1871800 4.02955 4
1871900 4.04227 4
1872000 4.13977 4
1872100 4.25601 4
1872200 4.40428 4
1872300 4.53233 4
1872400 4.64464 4
1872500 4.55303 4
1872600 4.61247 4
1872700 4.63152 4
1872800 4.57202 4
1872900 4.21021 4
1873000 3.78294 4
1873100 3.75953 4
1873200 3.98735 4
1873300 4.30984 4
1873400 4.29547 4
1873500 4.24037 4
1873600 4.13167 4
1873700 4.17314 4
1873800 4.02564 4
1873900 3.78269 4
1874000 3.51855 4
1874100 3.28704 4
1874200 2.99464 4
1874300 2.77838 4
1874400 2.76238 4
1874500 2.84061 4
1874600 3.00102 4
1874700 3.01027 4
1874800 3.11628 4
1874900 3.61364 4
1875000 4.08481 4
1875100 4.36939 4
1875200 4.65038 4
1875300 4.83182 4
1875400 4.9081 4
1875500 5.06499 4
1875600 5.23912 4
1875700 4.92493 4
1875800 4.1077 4
1875900 3.49139 4
1876000 3.23781 4
1876100 3.32445 4
1876200 3.35978 4
1876300 3.56497 4
1876400 4.19231 4
1876500 5.01536 4
1876600 5.33811 4
1876700 5.22521 4
1876800 5.06275 4
1876900 4.77396 4
1877000 4.83951 4
1877100 4.66341 4
1877200 4.42121 4
1877300 4.26599 4
1877400 4.41389 4
1877500 4.56127 4
1877600 4.36398 4
1877700 3.88077 4
1877800 3.47781 4
1877900 3.16542 4
1878000 2.93379 4
1878100 2.99349 4
1878200 3.2745 4
1878300 3.52919 4
1878400 3.93798 4
1878500 4.47305 4
1878600 4.7157 4
1878700 4.90259 4
1878800 5.31118 4
1878900 5.42298 4
1879000 5.19427 4
1879100 4.61714 4
1879200 4.30766 4
1879300 4.06716 4
1879400 3.89444 4
1879500 3.58123 4
1879600 3.38967 4
1879700 3.25298 4
1879800 3.14392 4
1879900 3.09597 4
1880000 3.31822 4
1880100 3.5957 4
1880200 3.87159 4
1880300 4.50567 4
1880400 4.8016 4
1880500 4.69326 4
1880600 4.51381 4
1880700 4.41773 4
1880800 4.21885 4
1880900 4.01176 4
1881000 3.82841 4
1881100 3.86189 4
1881200 4.0074 4
1881300 3.96364 4
1881400 3.42936 4
1881500 2.90684 4
1881600 2.53834 4
1881700 2.34132 4
1881800 2.73887 4
1881900 3.36195 4
1882000 3.92767 4
1882100 4.07606 4
1882200 3.95787 4
1882300 3.58945 4
1882400 3.33952 4
1882500 3.12903 4
1882600 3.16746 4
1882700 3.27579 4
1882800 3.22344 4
1882900 3.17365 4
1883000 3.27533 4
1883100 3.41615 4
1883200 3.63741 4
1883300 4.02549 4
1883400 4.74165 4
1883500 5.43788 4
1883600 5.86301 4
1883700 5.96141 4
1883800 5.66945 4
1883900 5.46832 4
1884000 5.28402 4
1884100 4.99377 4
1884200 4.81496 4
1884300 4.7571 4
1884400 4.35867 4
1884500 3.78301 4
1884600 3.50846 4
1884700 3.31556 4
1884800 3.19472 4
1884900 3.25005 4
1885000 3.5073 4
1885100 3.72666 4
1885200 3.99603 4
1885300 4.42768 4
1885400 4.79461 4
1885500 4.76742 4
1885600 4.38672 4
1885700 4.24321 4
1885800 4.15812 4
1885900 4.29804 4
1886000 4.62123 4
1886100 4.5784 4
1886200 4.39154 4
1886300 4.29891 4
1886400 4.10769 4
1886500 4.07716 4
1886600 4.20144 4
1886700 4.58947 4
1886800 4.80911 4
1886900 4.72265 4
1887000 4.64735 4
1887100 4.54591 4
1887200 4.33078 4
1887300 4.22818 4
1887400 3.92751 4
1887500 3.58278 4
1887600 3.39617 4
1887700 3.36201 4
1887800 3.42356 4
1887900 3.56761 4
1888000 3.83593 4
1888100 4.24088 4
1888200 4.59226 4
1888300 4.61366 4
1888400 4.52332 4
1888500 4.51847 4
1888600 4.67427 4
1888700 4.87317 4
1888800 5.0553 4
1888900 5.18084 4
1889000 5.23716 4
1889100 5.04011 4
1889200 4.57789 4
1889300 4.05342 4
1889400 3.93613 4
1889500 4.00745 4
1889600 3.81055 4
1889700 3.72524 4
1889800 3.89817 4
1889900 4.00602 4
1890000 4.24886 4
1890100 4.24173 4
1890200 4.06193 4
1890300 3.82288 4
1890400 3.53454 4
1890500 3.25537 4
1890600 3.02031 4
1890700 3.12389 4
1890800 3.70292 4
1890900 3.91588 4
1891000 3.76923 4
1891100 3.685 4
1891200 3.79931 4
1891300 3.74666 4
1891400 3.56822 4
1891500 3.50745 4
1891600 3.55779 4
1891700 3.71902 4
1891800 4.09041 4
1891900 4.07469 4
1892000 3.63629 4
1892100 3.56885 4
1892200 3.76551 4
1892300 3.76967 4
1892400 3.83238 4
1892500 4.00905 4
1892600 4.06279 4
1892700 3.84422 4
1892800 3.65265 4
1892900 3.5768 4
1893000 3.71463 4
1893100 3.96866 4
1893200 4.05283 4
1893300 4.10632 4
1893400 4.08152 4
1893500 4.0466 4
1893600 3.83955 4
1893700 3.80214 4
1893800 3.77624 4
1893900 3.9616 4
1894000 4.57719 4
1894100 5.0957 4
1894200 5.2283 4
1894300 5.06054 4
1894400 4.67832 4
1894500 4.18761 4
1894600 3.93159 4
1894700 3.77453 4
1894800 3.72675 4
1894900 3.85891 4
1895000 4.05444 4
1895100 4.12437 4
1895200 4.1075 4
1895300 4.1533 4
1895400 4.04756 4
1895500 3.88485 4
1895600 4.00479 4
1895700 4.21619 4
1895800 4.14896 4
1895900 4.40067 4
1896000 4.53595 4
1896100 4.34943 4
1896200 3.90286 4
1896300 3.42499 4
1896400 3.31301 4
1896500 3.53151 4
1896600 3.84208 4
1896700 4.3594 4
1896800 4.87308 4
1896900 5.05323 4
1897000 5.10165 4
1897100 5.10087 4
1897200 5.02278 4
1897300 4.58399 4
1897400 3.92935 4
1897500 3.45836 4
1897600 3.3156 4
1897700 3.533 4
1897800 3.92764 4
1897900 4.34508 4
1898000 4.44303 4
1898100 4.31043 4
1898200 4.10221 4
1898300 3.94933 4
1898400 3.87717 4
1898500 3.92845 4
1898600 4.01171 4
1898700 4.20531 4
1898800 4.0858 4
1898900 3.88387 4
1899000 3.6887 4
1899100 3.86158 4
1899200 4.1939 4
1899300 4.32019 4
1899400 4.19845 4
1899500 4.19112 4
1899600 4.2345 4
1899700 4.33091 4
1899800 4.53817 4
1899900 4.70248 4
1900000 4.84478 4
1900100 4.92105 4
1900200 4.74471 4
1900300 4.41962 4
1900400 4.30139 4
1900500 4.226 4
1900600 4.17272 4
1900700 4.01549 4
1900800 3.76157 4
1900900 3.57254 4
1901000 3.56272 4
1901100 3.77929 4
1901200 3.94074 4
1901300 4.24013 4
1901400 4.4285 4
1901500 4.34015 4
1901600 4.14521 4
1901700 4.10753 4
1901800 3.93329 4
1901900 3.9792 4
1902000 4.14159 4
1902100 4.37229 4
1902200 4.47851 4
1902300 4.368 4
1902400 4.20467 4
1902500 4.27961 4
1902600 4.35031 4
1902700 4.08075 4
1902800 3.67126 4
1902900 3.41308 4
1903000 3.18863 4
1903100 2.93328 4
1903200 3.15479 4
1903300 3.63778 4
1903400 4.01788 4
1903500 3.98511 4
1903600 3.98418 4
1903700 4.19176 4
1903800 4.41637 4
1903900 4.46267 4
1904000 4.35625 4
1904100 4.30334 4
1904200 4.44546 4
1904300 4.73253 4
1904400 4.83163 4
1904500 4.48345 4
1904600 3.71503 4
1904700 3.14776 4
1904800 2.9936 4
1904900 3.12976 4
1905000 3.60868 4
1905100 4.27517 4
1905200 4.61334 4
1905300 4.93236 4
1905400 5.12022 4
1905500 4.90581 4
1905600 4.61446 4
1905700 4.4706 4
1905800 4.36724 4
1905900 4.35701 4
1906000 4.41806 4
1906100 4.37938 4
1906200 4.25149 4
1906300 3.71275 4
1906400 3.0195 4
1906500 2.53897 4
1906600 2.19808 4
1906700 2.55335 4
1906800 3.29295 4
1906900 3.82099 4
1907000 4.16591 4
1907100 4.43096 4
1907200 4.55458 4
1907300 4.48249 4
1907400 4.31265 4
1907500 4.29346 4
1907600 4.30574 4
1907700 4.34987 4
1907800 4.65993 4
1907900 4.867 4
1908000 4.91458 4
1908100 4.67669 4
1908200 4.00295 4
1908300 3.40934 4
1908400 2.95589 4
1908500 2.92091 4
1908600 3.17444 4
1908700 3.36308 4
1908800 3.69095 4
1908900 3.94663 4
1909000 3.94999 4
1909100 3.80981 4
1909200 3.62762 4
1909300 3.6775 4
1909400 4.01971 4
1909500 4.50133 4
1909600 4.65421 4
1909700 4.41677 4
1909800 4.41806 4
1909900 4.75278 4
1910000 4.99854 4
1910100 5.06768 4
1910200 4.94928 4
1910300 4.67174 4
1910400 4.54624 4
1910500 4.66445 4
1910600 4.81629 4
1910700 4.91132 4
1910800 5.08229 4
1910900 5.2263 4
1911000 5.25852 4
1911100 4.89122 4
1911200 4.48376 4
1911300 4.21233 4
1911400 4.12976 4
1911500 4.33951 4
1911600 4.41538 4
1911700 4.29691 4
1911800 4.04387 4
1911900 3.72636 4
1912000 3.50983 4
1912100 3.39589 4
1912200 3.58465 4
1912300 3.9141 4
1912400 4.13993 4
1912500 4.64254 4
1912600 5.16006 4
1912700 5.49173 4
1912800 5.74885 4
1912900 5.5889 4
1913000 5.14921 4
1913100 4.5701 4
1913200 3.81395 4
1913300 3.12717 4
1913400 2.85774 4
1913500 3.09875 4
1913600 3.66473 4
1913700 4.17139 4
1913800 4.57789 4
1913900 4.83708 4
1914000 4.86219 4
1914100 4.83021 4
1914200 4.47697 4
1914300 4.27172 4
1914400 4.2486 4
1914500 4.21652 4
1914600 4.07331 4
1914700 3.76443 4
1914800 3.7173 4
1914900 3.67998 4
1915000 3.75624 4
1915100 3.80996 4
1915200 3.67212 4
1915300 3.81017 4
1915400 3.9932 4
1915500 3.9966 4
1915600 3.81912 4
1915700 3.61174 4
1915800 3.70172 4
1915900 3.90913 4
1916000 4.11158 4
1916100 4.11402 4
1916200 4.13959 4
1916300 4.18839 4
1916400 4.24275 4
1916500 4.34378 4
1916600 4.3639 4
1916700 4.27798 4
1916800 4.1711 4
1916900 4.10761 4
1917000 4.12934 4
1917100 4.36351 4
1917200 4.30962 4
1917300 3.94901 4
1917400 3.7079 4
1917500 3.78943 4
1917600 4.23853 4
1917700 4.90945 4
1917800 5.7315 4
1917900 6.40151 4
1918000 6.40257 4
1918100 5.88332 4
1918200 5.27501 4
1918300 4.67249 4
1918400 4.24903 4
1918500 4.12769 4
1918600 4.11893 4
1918700 4.27642 4
1918800 4.47201 4
1918900 4.52856 4
1919000 4.53676 4
1919100 4.62612 4
1919200 4.68766 4
1919300 4.9094 4
1919400 4.99276 4
1919500 4.76322 4
1919600 4.65613 4
1919700 4.86845 4
1919800 5.22474 4
1919900 5.21232 4
1920000 4.93334 4
1920100 4.53391 4
1920200 4.13226 4
1920300 3.74056 4
1920400 3.66576 4
1920500 3.54012 4
1920600 3.51401 4
1920700 3.53451 4
1920800 3.58946 4
1920900 3.45672 4
1921000 3.15489 4
1921100 2.97641 4
1921200 2.93341 4
1921300 3.22206 4
1921400 3.77761 4
1921500 4.16922 4
1921600 4.29438 4
1921700 4.21821 4
1921800 4.04383 4
1921900 4.0303 4
1922000 4.16005 4
1922100 4.37656 4
1922200 4.33338 4
1922300 3.90062 4
1922400 3.25311 4
1922500 3.1302 4
1922600 3.25636 4
1922700 3.82264 4
1922800 4.52752 4
1922900 4.99084 4
1923000 5.34534 4
1923100 5.47736 4
1923200 5.05024 4
1923300 4.56706 4
1923400 4.17726 4
1923500 3.85989 4
1923600 3.66537 4
1923700 3.55754 4
1923800 3.70413 4
1923900 3.9626 4
1924000 4.01125 4
1924100 4.04194 4
1924200 4.19422 4
1924300 4.18842 4
1924400 4.03738 4
1924500 3.83028 4
1924600 3.84915 4
1924700 4.04611 4
1924800 4.31485 4
1924900 4.25909 4
1925000 4.05171 4
1925100 3.73928 4
1925200 3.62766 4
1925300 3.87036 4
1925400 4.28809 4
1925500 4.31201 4
1925600 4.01958 4
1925700 3.81786 4
1925800 3.6939 4
1925900 3.79473 4
1926000 4.1255 4
1926100 4.54166 4
1926200 4.97397 4
1926300 5.31299 4
1926400 5.39528 4
1926500 5.44301 4
1926600 5.3166 4
1926700 4.97515 4
1926800 4.57135 4
1926900 4.22722 4
1927000 4.22964 4
1927100 4.20528 4
1927200 4.14115 4
1927300 4.23995 4
1927400 4.19608 4
1927500 3.91911 4
1927600 3.5258 4
1927700 3.08445 4
1927800 2.8144 4
1927900 2.98756 4
1928000 3.51767 4
1928100 4.00627 4
1928200 4.49221 4
1928300 5.05355 4
1928400 5.31018 4
1928500 5.34212 4
1928600 5.16628 4
1928700 4.65496 4
1928800 4.32696 4
1928900 4.35011 4
1929000 4.46624 4
1929100 4.51406 4
1929200 4.49993 4
1929300 4.39265 4
1929400 4.24343 4
1929500 3.96177 4
1929600 3.62738 4
1929700 3.48336 4
1929800 3.31561 4
1929900 3.27223 4
1930000 3.34293 4
1930100 3.19045 4
1930200 3.06877 4
1930300 3.07336 4
1930400 3.10332 4
1930500 3.46739 4
1930600 3.88832 4
1930700 4.07616 4
1930800 4.26323 4
1930900 4.11924 4
1931000 3.94501 4
1931100 3.89762 4
1931200 4.01335 4
1931300 3.79856 4
1931400 3.59473 4
1931500 3.63565 4
1931600 3.99117 4
1931700 4.29663 4
1931800 4.60967 4
1931900 4.86984 4
1932000 5.0333 4
1932100 5.21366 4
1932200 5.28525 4
1932300 5.09714 4
1932400 4.63861 4
1932500 4.24358 4
1932600 3.89489 4
1932700 3.56963 4
1932800 3.57025 4
1932900 3.93672 4
1933000 4.18491 4
1933100 4.11626 4
1933200 3.86572 4
1933300 3.31819 4
1933400 2.86813 4
1933500 2.78111 4
1933600 2.9296 4
1933700 3.28492 4
1933800 3.50462 4
1933900 3.40108 4
1934000 3.42169 4
1934100 3.62421 4
1934200 3.92884 4
1934300 4.1682 4
1934400 4.25741 4
1934500 4.56927 4
1934600 4.97374 4
1934700 4.92562 4
1934800 4.68826 4
1934900 4.4219 4
1935000 4.09598 4
1935100 3.87525 4
1935200 3.74657 4
1935300 3.89022 4
1935400 4.14539 4
1935500 4.28658 4
1935600 4.32551 4
1935700 4.18175 4
1935800 3.81839 4
1935900 3.41007 4
1936000 3.14806 4
1936100 2.84073 4
1936200 2.6562 4
1936300 2.83128 4
1936400 3.19031 4
1936500 3.17259 4
1936600 3.13018 4
1936700 3.25064 4
1936800 3.44146 4
1936900 3.79028 4
1937000 3.74203 4
1937100 3.40031 4
1937200 3.21491 4
1937300 3.20549 4
1937400 3.3547 4
1937500 3.75987 4
1937600 4.19552 4
1937700 4.37453 4
1937800 4.27209 4
1937900 4.07853 4
1938000 3.97155 4
1938100 3.78271 4
1938200 3.6408 4
1938300 3.87227 4
1938400 4.23252 4
1938500 4.51507 4
1938600 4.71081 4
1938700 4.82427 4
1938800 4.99188 4
1938900 5.27254 4
1939000 5.39413 4
1939100 5.47019 4
1939200 5.54014 4
1939300 5.30865 4
1939400 5.08499 4
1939500 4.97126 4
1939600 4.56639 4
1939700 4.33403 4
1939800 4.13199 4
1939900 3.84095 4
1940000 3.69313 4
1940100 3.56453 4
1940200 3.57737 4
1940300 4.01412 4
1940400 4.39673 4
1940500 4.29875 4
1940600 4.09 4
1940700 3.95715 4
1940800 3.80889 4
1940900 3.9245 4
1941000 4.06503 4
1941100 4.32555 4
1941200 4.53623 4
1941300 4.62381 4
1941400 4.39116 4
1941500 4.05219 4
1941600 4.05031 4
1941700 4.22562 4
1941800 4.26143 4
1941900 4.01266 4
1942000 3.77335 4
1942100 3.47978 4
1942200 3.21982 4
1942300 3.12194 4
1942400 3.09065 4
1942500 3.24468 4
1942600 3.61101 4
1942700 4.22105 4
1942800 4.69921 4
1942900 4.94873 4
1943000 5.0441 4
1943100 5.33366 4
1943200 5.51442 4
1943300 5.46436 4
1943400 5.15648 4
1943500 4.58269 4
1943600 4.10389 4
1943700 3.94014 4
1943800 3.96442 4
1943900 4.10195 4
1944000 4.29633 4
1944100 4.60724 4
1944200 4.76481 4
1944300 4.94136 4
1944400 4.87111 4
1944500 4.68761 4
1944600 4.42052 4
1944700 4.02037 4
1944800 3.55181 4
1944900 3.09573 4
1945000 3.20959 4
1945100 3.64333 4
1945200 4.0905 4
1945300 4.28691 4
1945400 4.05797 4
1945500 3.56082 4
1945600 3.28804 4
1945700 3.21541 4
1945800 3.46877 4
1945900 3.62433 4
1946000 3.82695 4
1946100 4.1342 4
1946200 4.42456 4
1946300 4.64739 4
1946400 4.65234 4
1946500 4.52227 4
1946600 4.38 4
1946700 4.31638 4
1946800 4.17145 4
1946900 3.89993 4
1947000 3.47757 4
1947100 3.15464 4
1947200 3.20018 4
1947300 3.55104 4
1947400 3.945 4
1947500 4.47848 4
1947600 5.10232 4
1947700 5.53706 4
1947800 5.6215 4
1947900 5.25761 4
1948000 4.8214 4
1948100 4.32411 4
1948200 3.85053 4
1948300 3.54535 4
1948400 3.42595 4
1948500 3.27233 4
1948600 2.81059 4
1948700 2.37033 4
1948800 2.40273 4
1948900 2.73735 4
1949000 2.99313 4
1949100 3.06531 4
1949200 3.03486 4
1949300 3.17679 4
1949400 3.52815 4
1949500 4.13078 4
1949600 4.48548 4
1949700 4.66833 4
1949800 4.49513 4
1949900 4.14324 4
1950000 4.23011 4
1950100 4.57647 4
1950200 5.02773 4
1950300 5.37801 4
1950400 5.3176 4
1950500 5.13264 4
1950600 4.73273 4
1950700 4.11069 4
1950800 3.63339 4
1950900 3.63963 4
1951000 3.49889 4
1951100 3.47082 4
1951200 3.91294 4
1951300 4.52693 4
1951400 4.79286 4
1951500 4.52721 4
1951600 3.92333 4
1951700 3.5287 4
1951800 3.57952 4
1951900 4.01428 4
1952000 4.33903 4
1952100 4.46855 4
1952200 4.61863 4
1952300 4.71467 4
1952400 4.74337 4
1952500 4.43829 4
1952600 3.9729 4
1952700 3.95131 4
1952800 4.19802 4
1952900 4.08058 4
1953000 4.19097 4
1953100 4.48447 4
1953200 4.44608 4
1953300 4.17184 4
1953400 4.10502 4
1953500 4.45011 4
1953600 4.69687 4
1953700 4.48294 4
1953800 3.94631 4
1953900 3.65148 4
1954000 3.52323 4
1954100 3.33289 4
1954200 3.04115 4
1954300 2.95367 4
1954400 3.23729 4
1954500 3.74097 4
1954600 4.12437 4
1954700 4.50636 4
1954800 4.88516 4
1954900 5.23481 4
1955000 5.43067 4
1955100 5.32909 4
1955200 4.95326 4
1955300 4.65944 4
1955400 4.48333 4
1955500 4.13603 4
1955600 3.88261 4
1955700 3.86174 4
1955800 3.94036 4
1955900 4.00385 4
1956000 4.1099 4
1956100 4.11429 4
1956200 4.204 4
1956300 4.18447 4
1956400 4.01574 4
1956500 3.97061 4
1956600 4.11088 4
1956700 4.03929 4
1956800 3.75084 4
1956900 3.42148 4
1957000 3.06178 4
1957100 2.82794 4
1957200 2.80067 4
1957300 3.25541 4
1957400 3.76825 4
1957500 4.19412 4
1957600 4.34788 4
1957700 4.0312 4
1957800 3.68382 4
1957900 3.41936 4
1958000 3.04119 4
1958100 2.87276 4
1958200 2.98063 4
1958300 3.04201 4
1958400 3.0911 4
1958500 3.1244 4
1958600 3.39572 4
1958700 3.59409 4
1958800 3.7435 4
1958900 4.00744 4
1959000 4.03334 4
1959100 4.09023 4
1959200 4.33088 4
1959300 4.48418 4
1959400 4.48764 4
1959500 4.57599 4
1959600 4.5212 4
1959700 4.24564 4
1959800 4.27147 4
1959900 4.38893 4
1960000 4.4121 4
1960100 4.31313 4
1960200 4.0718 4
1960300 3.75151 4
1960400 3.46728 4
1960500 3.438 4
1960600 3.46661 4
1960700 3.29208 4
1960800 3.02639 4
1960900 3.22713 4
1961000 3.72795 4
1961100 4.07992 4
1961200 4.32135 4
1961300 4.39491 4
1961400 4.30038 4
1961500 4.03452 4
1961600 3.83329 4
1961700 3.68842 4
1961800 3.6295 4
1961900 3.76776 4
1962000 4.17667 4
1962100 4.44371 4
1962200 4.78677 4
1962300 4.75748 4
1962400 4.41606 4
1962500 3.82857 4
1962600 3.36245 4
1962700 3.13459 4
1962800 3.1862 4
1962900 3.54203 4
1963000 3.74904 4
1963100 3.79963 4
1963200 3.90532 4
1963300 3.73677 4
1963400 3.45686 4
1963500 3.52245 4
1963600 3.60783 4
1963700 4.03771 4
1963800 4.83889 4
1963900 5.67315 4
1964000 6.36709 4
1964100 6.7347 4
1964200 6.61072 4
1964300 6.102 4
1964400 5.23233 4
1964500 4.43478 4
1964600 3.72534 4
1964700 2.98726 4
1964800 2.37972 4
1964900 2.33239 4
1965000 2.75084 4
1965100 3.3324 4
1965200 4.05074 4
1965300 4.90516 4
1965400 5.52575 4
1965500 5.92645 4
1965600 6.29859 4
1965700 6.3967 4
1965800 6.09249 4
1965900 5.6846 4
1966000 5.29809 4
1966100 4.91471 4
1966200 4.68326 4
1966300 4.25432 4
1966400 3.67378 4
1966500 3.16694 4
1966600 2.90788 4
1966700 3.2164 4
1966800 3.84961 4
1966900 4.37421 4
1967000 4.82769 4
1967100 5.28729 4
1967200 5.1783 4
1967300 4.94979 4
1967400 4.85088 4
1967500 4.49954 4
1967600 4.11571 4
1967700 3.81637 4
1967800 3.63715 4
1967900 3.36309 4
1968000 3.2897 4
1968100 3.28814 4
1968200 3.31203 4
1968300 3.39231 4
1968400 3.49765 4
1968500 3.68643 4
1968600 3.87062 4
1968700 3.96758 4
1968800 4.07545 4
1968900 3.897 4
1969000 3.88775 4
1969100 3.94805 4
1969200 4.21225 4
1969300 4.41625 4
1969400 4.24722 4
1969500 4.06679 4
1969600 3.94972 4
1969700 3.82829 4
1969800 3.70063 4
1969900 3.63002 4
1970000 3.57455 4
1970100 3.31637 4
1970200 3.16917 4
1970300 3.06553 4
1970400 3.14581 4
1970500 3.76981 4
1970600 4.48927 4
1970700 4.82348 4
1970800 4.98598 4
1970900 4.94773 4
1971000 4.73111 4
1971100 4.59371 4
1971200 4.46554 4
1971300 4.35904 4
1971400 4.45785 4
1971500 4.53103 4
1971600 4.49016 4
1971700 4.27855 4
1971800 4.25292 4
1971900 4.65192 4
1972000 4.99294 4
1972100 5.15256 4
1972200 5.02913 4
1972300 4.70086 4
1972400 4.63394 4
1972500 4.73905 4
1972600 5.02071 4
1972700 5.20432 4
1972800 5.38587 4
1972900 5.32241 4
1973000 5.09886 4
1973100 4.73554 4
1973200 4.51462 4
1973300 4.50304 4
1973400 4.64672 4
1973500 4.85738 4
1973600 5.13738 4
1973700 5.14749 4
1973800 4.84526 4
1973900 4.46241 4
1974000 4.09224 4
1974100 3.90635 4
1974200 3.93667 4
1974300 4.00581 4
1974400 4.29831 4
1974500 4.54914 4
1974600 4.76517 4
1974700 4.75507 4
1974800 4.53306 4
1974900 4.4544 4
1975000 4.60979 4
1975100 4.8383 4
1975200 4.84906 4
1975300 4.86673 4
1975400 4.63252 4
1975500 4.36674 4
1975600 4.33467 4
1975700 4.02766 4
1975800 4.12376 4
1975900 4.23028 4
1976000 4.13392 4
1976100 4.10171 4
1976200 4.02469 4
1976300 3.78311 4
1976400 3.44624 4
1976500 3.32312 4
1976600 3.36199 4
1976700 3.45128 4
1976800 3.78197 4
1976900 3.93512 4
1977000 3.93555 4
1977100 3.93622 4
1977200 4.0683 4
1977300 4.2119 4
1977400 4.26768 4
1977500 4.37547 4
1977600 4.62673 4
1977700 4.87603 4
1977800 5.01157 4
1977900 5.0543 4
1978000 5.29764 4
1978100 5.71663 4
1978200 6.14015 4
1978300 6.26048 4
1978400 6.10107 4
1978500 5.89743 4
1978600 5.68877 4
1978700 5.42486 4
1978800 5.23534 4
1978900 5.13546 4
1979000 5.11522 4
1979100 4.94914 4
1979200 4.72218 4
1979300 4.75635 4
1979400 4.53235 4
1979500 4.10072 4
1979600 3.63137 4
1979700 3.1994 4
1979800 2.7369 4
1979900 2.41365 4
1980000 2.22178 4
1980100 2.52764 4
1980200 3.04263 4
1980300 3.49235 4
1980400 3.79471 4
1980500 4.24125 4
1980600 4.43764 4
1980700 4.53777 4
1980800 4.36438 4
1980900 4.26793 4
1981000 4.23237 4
1981100 4.26142 4
1981200 3.93429 4
1981300 3.25958 4
1981400 2.72155 4
1981500 2.6613 4
1981600 2.91047 4
1981700 3.6051 4
1981800 4.5288 4
1981900 5.40467 4
1982000 6.0931 4
1982100 6.2021 4
1982200 5.76742 4
1982300 5.14886 4
1982400 4.71019 4
1982500 4.4673 4
1982600 4.35504 4
1982700 4.32108 4
1982800 4.59066 4
1982900 4.67286 4
1983000 4.59924 4
1983100 4.78339 4
1983200 4.8956 4
1983300 4.75238 4
1983400 4.43063 4
1983500 4.13525 4
1983600 3.84963 4
1983700 3.62524 4
1983800 3.61602 4
1983900 3.61346 4
1984000 3.66986 4
1984100 3.68293 4
1984200 3.88111 4
1984300 4.1553 4
1984400 4.33024 4
1984500 4.30852 4
1984600 4.37082 4
1984700 4.13231 4
1984800 4.05743 4
1984900 4.09969 4
1985000 4.11621 4
1985100 4.05392 4
1985200 4.25694 4
1985300 4.58376 4
1985400 5.05148 4
1985500 5.42038 4
1985600 5.3933 4
1985700 4.97711 4
1985800 4.50032 4
1985900 3.9289 4
1986000 3.49587 4
1986100 3.30504 4
1986200 3.36661 4
1986300 3.44091 4
1986400 3.54151 4
1986500 3.74643 4
1986600 3.95681 4
1986700 4.13117 4
1986800 4.30542 4
1986900 4.40311 4
1987000 4.29907 4
1987100 3.91737 4
1987200 3.40553 4
1987300 3.02177 4
1987400 2.72845 4
1987500 2.8111 4
1987600 3.04171 4
1987700 3.65767 4
1987800 4.2683 4
1987900 4.7695 4
1988000 5.31971 4
1988100 5.5774 4
1988200 5.52729 4
1988300 5.1675 4
1988400 4.92884 4
1988500 4.68883 4
1988600 4.3313 4
1988700 3.92742 4
1988800 3.56578 4
1988900 3.82452 4
1989000 4.29363 4
1989100 4.56981 4
1989200 4.56033 4
1989300 4.40378 4
1989400 4.38594 4
1989500 4.29756 4
1989600 4.20243 4
1989700 4.01839 4
1989800 3.81439 4
1989900 3.82991 4
1990000 3.9689 4
1990100 3.96957 4
1990200 3.80556 4
1990300 3.91285 4
1990400 4.45881 4
1990500 4.93401 4
1990600 5.08532 4
1990700 4.84107 4
1990800 4.26588 4
1990900 3.82233 4
1991000 3.78382 4
1991100 3.74974 4
1991200 3.96739 4
1991300 4.30611 4
1991400 4.40072 4
1991500 4.41556 4
1991600 4.47674 4
1991700 4.35595 4
1991800 4.20201 4
1991900 4.1725 4
1992000 4.16919 4
1992100 4.0835 4
1992200 3.92826 4
1992300 3.85928 4
1992400 4.10531 4
1992500 4.19109 4
1992600 3.94931 4
1992700 3.96174 4
1992800 4.01459 4
1992900 4.1284 4
1993000 4.34905 4
1993100 4.69976 4
1993200 4.90017 4
1993300 4.76663 4
1993400 4.60048 4
1993500 4.43338 4
1993600 4.5623 4
1993700 4.59848 4
1993800 4.79678 4
1993900 4.80637 4
1994000 4.85014 4
1994100 4.93843 4
1994200 4.80459 4
1994300 4.75543 4
1994400 4.63837 4
1994500 4.30879 4
1994600 4.08286 4
1994700 4.10301 4
1994800 4.28226 4
1994900 4.73068 4
1995000 4.97623 4
1995100 4.74827 4
1995200 4.68452 4
1995300 4.93806 4
1995400 5.29716 4
1995500 5.56299 4
1995600 5.61434 4
1995700 5.39394 4
1995800 4.78002 4
1995900 4.27505 4
1996000 3.94794 4
1996100 3.74486 4
1996200 3.79689 4
1996300 3.8051 4
1996400 3.77844 4
1996500 3.72755 4
1996600 3.7619 4
1996700 4.03912 4
1996800 4.08076 4
1996900 3.90975 4
1997000 3.3654 4
1997100 3.0484 4
1997200 3.01318 4
1997300 3.04406 4
1997400 3.2284 4
1997500 3.69159 4
1997600 3.97719 4
1997700 4.26457 4
1997800 4.47875 4
1997900 4.59277 4
1998000 4.491 4
1998100 4.56832 4
1998200 4.68728 4
1998300 4.62797 4
1998400 4.37924 4
1998500 4.17503 4
1998600 4.15043 4
1998700 4.28276 4
1998800 4.45921 4
1998900 4.43525 4
1999000 4.1757 4
1999100 4.10999 4
1999200 4.12838 4
1999300 4.10979 4
1999400 4.06042 4
1999500 3.93017 4
1999600 3.97895 4
1999700 4.1536 4
1999800 4.44527 4
1999900 4.57302 4
2000000 4.44428 4
2000100 4.36423 4
2000200 4.38818 4
2000300 4.30873 4
2000400 4.26007 4
2000500 4.08892 4
2000600 3.93678 4
2000700 3.88981 4
2000800 3.88754 4
2000900 3.81686 4
2001000 3.80769 4
2001100 3.50415 4
2001200 3.17494 4
2001300 3.1143 4
2001400 3.32076 4
2001500 3.48593 4
2001600 3.64217 4
2001700 3.78463 4
2001800 3.99042 4
2001900 4.19843 4
2002000 4.28099 4
2002100 4.24635 4
2002200 4.28039 4
2002300 4.23446 4
2002400 4.00834 4
2002500 3.8695 4
2002600 3.77204 4
2002700 3.86304 4
2002800 4.17705 4
2002900 4.31283 4
2003000 4.25267 4
2003100 4.20446 4
2003200 3.952 4
2003300 3.76198 4
2003400 3.82722 4
2003500 4.00618 4
2003600 4.14536 4
2003700 4.35898 4
2003800 4.47742 4
2003900 4.89926 4
2004000 5.19387 4
2004100 5.23504 4
2004200 5.00119 4
2004300 4.48457 4
2004400 3.96928 4
2004500 3.40771 4
2004600 2.96442 4
2004700 2.77273 4
2004800 2.91723 4
2004900 3.12937 4
2005000 3.40138 4
2005100 3.70642 4
2005200 3.9638 4
2005300 3.96315 4
2005400 3.67499 4
2005500 3.35206 4
2005600 3.22612 4
2005700 3.16783 4
2005800 3.43185 4
2005900 3.8804 4
2006000 4.42856 4
2006100 4.74907 4
2006200 4.86316 4
2006300 4.66053 4
2006400 4.64042 4
2006500 4.99588 4
2006600 5.11852 4
2006700 5.32336 4
2006800 5.21251 4
2006900 5.04367 4
2007000 4.74816 4
2007100 4.40824 4
2007200 4.28857 4
2007300 4.34626 4
2007400 4.4417 4
2007500 4.4812 4
2007600 4.35586 4
2007700 4.19889 4
2007800 3.86783 4
2007900 3.45301 4
2008000 3.40174 4
2008100 3.5699 4
2008200 3.65018 4
2008300 3.75053 4
2008400 4.04489 4
2008500 4.19722 4
2008600 4.24766 4
2008700 4.34614 4
2008800 4.62315 4
2008900 4.9692 4
2009000 5.15934 4
2009100 5.17411 4
2009200 4.95787 4
2009300 4.74717 4
2009400 4.40167 4
2009500 4.29822 4
2009600 4.08303 4
2009700 3.44416 4
2009800 2.80016 4
2009900 2.50065 4
2010000 2.7856 4
2010100 3.24646 4
2010200 3.43712 4
2010300 3.57182 4
2010400 3.61436 4
2010500 3.5895 4
2010600 3.96582 4
2010700 4.00012 4
2010800 4.06101 4
2010900 4.29856 4
2011000 4.42307 4
2011100 4.47091 4
2011200 4.5245 4
2011300 4.41243 4
2011400 4.30895 4
2011500 4.24102 4
2011600 4.12601 4
2011700 4.06831 4
2011800 3.87688 4
2011900 3.88963 4
2012000 3.90744 4
2012100 3.84676 4
2012200 3.8131 4
2012300 3.82562 4
2012400 3.84284 4
2012500 3.65834 4
2012600 3.43029 4
2012700 3.362 4
2012800 3.54533 4
2012900 3.63936 4
2013000 3.89844 4
2013100 4.38417 4
2013200 4.86813 4
2013300 5.00291 4
2013400 5.20954 4
2013500 5.35913 4
2013600 5.26485 4
2013700 5.0896 4
2013800 4.91273 4
2013900 4.83334 4
2014000 4.54159 4
2014100 4.06604 4
2014200 3.80138 4
2014300 3.71357 4
2014400 3.75802 4
2014500 3.68861 4
2014600 3.65258 4
2014700 3.65767 4
2014800 3.75961 4
2014900 4.16844 4
2015000 4.57148 4
2015100 4.83474 4
2015200 4.92391 4
2015300 4.90394 4
2015400 4.76669 4
2015500 4.44552 4
2015600 4.08651 4
2015700 3.71304 4
2015800 3.55733 4
2015900 3.82122 4
2016000 4.09798 4
2016100 4.23269 4
2016200 4.49375 4
2016300 4.83451 4
2016400 5.12445 4
2016500 5.18563 4
2016600 5.21599 4
2016700 5.4773 4
2016800 5.79426 4
2016900 5.82126 4
2017000 5.4356 4
2017100 4.95082 4
2017200 4.14994 4
2017300 3.55418 4
2017400 3.22758 4
2017500 3.27873 4
2017600 3.59233 4
2017700 4.01215 4
2017800 4.67654 4
2017900 4.97229 4
2018000 4.94176 4
2018100 4.53528 4
2018200 3.96762 4
2018300 3.51901 4
2018400 3.26307 4
2018500 3.48634 4
2018600 4.08259 4
2018700 4.63542 4
2018800 4.7488 4
2018900 4.49064 4
2019000 4.10643 4
2019100 3.87551 4
2019200 4.01511 4
2019300 4.32807 4
2019400 4.88199 4
2019500 5.18545 4
2019600 4.95264 4
2019700 4.72383 4
2019800 4.30405 4
2019900 4.04058 4
2020000 3.75335 4
2020100 3.32631 4
2020200 3.26785 4
2020300 3.199 4
2020400 3.16142 4
2020500 3.46493 4
2020600 3.75869 4
2020700 4.06216 4
2020800 4.34237 4
2020900 4.38704 4
2021000 4.16419 4
2021100 3.91628 4
2021200 3.83084 4
2021300 3.84924 4
2021400 4.23498 4
2021500 4.58358 4
2021600 4.65098 4
2021700 4.66499 4
2021800 4.38822 4
2021900 3.92334 4
2022000 3.53616 4
2022100 3.46179 4
2022200 3.53999 4
2022300 3.58329 4
2022400 4.06486 4
2022500 4.53841 4
2022600 4.83659 4
2022700 4.96423 4
2022800 4.6951 4
2022900 4.10744 4
2023000 3.7766 4
2023100 3.58118 4
2023200 3.5828 4
2023300 3.80348 4
2023400 4.25906 4
2023500 4.29702 4
2023600 4.07159 4
2023700 3.74692 4
2023800 3.46095 4
2023900 3.23022 4
2024000 3.02094 4
2024100 2.52565 4
2024200 2.57538 4
2024300 3.06776 4
2024400 3.36834 4
2024500 3.59198 4
2024600 3.933 4
2024700 4.08738 4
2024800 4.05581 4
2024900 4.00135 4
2025000 3.96841 4
2025100 4.18477 4
2025200 4.1914 4
2025300 4.09195 4
2025400 3.88661 4
2025500 3.68661 4
2025600 3.49429 4
2025700 3.58346 4
2025800 3.83198 4
2025900 4.30422 4
2026000 4.66946 4
2026100 4.70504 4
2026200 4.97358 4
2026300 5.23486 4
2026400 5.34128 4
2026500 5.06779 4
2026600 4.66226 4
2026700 4.10052 4
2026800 3.69283 4
2026900 3.38815 4
2027000 3.19067 4
2027100 3.17268 4
2027200 3.48065 4
2027300 3.86672 4
2027400 3.98136 4
2027500 3.92206 4
2027600 4.09652 4
2027700 4.56723 4
2027800 5.11124 4
2027900 5.53458 4
2028000 5.45976 4
2028100 5.07819 4
2028200 4.7749 4
2028300 4.81376 4
2028400 4.76138 4
2028500 4.4155 4
2028600 3.8282 4
2028700 3.30874 4
2028800 3.06527 4
2028900 3.28151 4
2029000 3.59296 4
2029100 3.93766 4
2029200 3.88676 4
2029300 3.74474 4
2029400 3.66804 4
2029500 3.80946 4
2029600 4.30379 4
2029700 4.6382 4
2029800 4.67127 4
2029900 4.72796 4
2030000 4.69778 4
