# Time-averaged data for fix myat1
# TimeStep v_xave v_xdes
2930100 24.0801 24
2930200 23.7859 24
2930300 23.395 24
2930400 23.0921 24
2930500 23.2229 24
2930600 23.6982 24
2930700 24.2058 24
2930800 24.4551 24
2930900 24.6873 24
2931000 24.6062 24
2931100 24.6624 24
2931200 24.7005 24
2931300 24.4692 24
2931400 24.4017 24
2931500 24.494 24
2931600 24.4984 24
2931700 24.5889 24
2931800 24.5567 24
2931900 24.5668 24
2932000 24.4673 24
2932100 24.1246 24
2932200 23.8424 24
2932300 23.7226 24
2932400 23.4859 24
2932500 23.3388 24
2932600 23.4861 24
2932700 23.8063 24
2932800 24.2976 24
2932900 24.8062 24
2933000 24.8474 24
2933100 24.4932 24
2933200 23.8823 24
2933300 23.4229 24
2933400 23.3979 24
2933500 23.7249 24
2933600 24.1366 24
2933700 24.5634 24
2933800 24.7536 24
2933900 24.6545 24
2934000 24.5167 24
2934100 24.3685 24
2934200 24.18 24
2934300 24.1316 24
2934400 24.1401 24
2934500 24.1788 24
2934600 24.0409 24
2934700 23.9483 24
2934800 23.7332 24
2934900 23.3976 24
2935000 23.0067 24
2935100 22.9246 24
2935200 23.4638 24
2935300 23.8094 24
2935400 23.9081 24
2935500 24.0016 24
2935600 23.9648 24
2935700 23.8611 24
2935800 23.8979 24
2935900 24.1344 24
2936000 24.3206 24
2936100 24.3787 24
2936200 24.3139 24
2936300 24.07 24
2936400 23.7809 24
2936500 23.4853 24
2936600 23.4391 24
2936700 23.4222 24
2936800 23.5358 24
2936900 23.5611 24
2937000 23.5529 24
2937100 23.6543 24
2937200 23.7144 24
2937300 23.799 24
2937400 24.0267 24
2937500 24.5458 24
2937600 24.9963 24
2937700 24.946 24
2937800 24.7893 24
2937900 24.6949 24
2938000 24.7238 24
2938100 24.7272 24
2938200 24.8083 24
2938300 24.8688 24
2938400 24.8464 24
2938500 24.6432 24
2938600 24.2716 24
2938700 23.7437 24
2938800 23.4732 24
2938900 23.2495 24
2939000 23.3807 24
2939100 23.9384 24
2939200 24.4771 24
2939300 24.7296 24
2939400 24.5595 24
2939500 24.3047 24
2939600 23.9718 24
2939700 23.6713 24
2939800 23.3844 24
2939900 23.1307 24
2940000 23.4147 24
2940100 23.9334 24
2940200 24.6215 24
2940300 25.1927 24
2940400 25.3466 24
2940500 25.2578 24
2940600 25.0524 24
2940700 24.6883 24
2940800 24.0915 24
2940900 23.6177 24
2941000 23.2476 24
2941100 23.1198 24
2941200 23.2584 24
2941300 23.5821 24
2941400 23.9015 24
2941500 24.2069 24
2941600 24.4531 24
2941700 24.7376 24
2941800 24.9105 24
2941900 24.8439 24
2942000 24.552 24
2942100 24.2691 24
2942200 24.2344 24
2942300 23.9855 24
2942400 23.9115 24
2942500 23.8559 24
2942600 23.7553 24
2942700 23.77 24
2942800 23.8166 24
2942900 24.0945 24
2943000 24.357 24
2943100 24.4219 24
2943200 24.2735 24
2943300 24.0254 24
2943400 23.5578 24
2943500 23.3373 24
2943600 23.4129 24
2943700 23.8252 24
2943800 24.2327 24
2943900 24.6851 24
2944000 24.9792 24
2944100 24.9419 24
2944200 24.5871 24
2944300 23.9648 24
2944400 23.2493 24
2944500 22.6798 24
2944600 22.2534 24
2944700 22.0389 24
2944800 21.9505 24
2944900 22.0505 24
2945000 22.5441 24
2945100 23.419 24
2945200 24.5718 24
2945300 25.3827 24
2945400 25.7279 24
2945500 25.6736 24
2945600 25.6145 24
2945700 25.2457 24
2945800 24.8975 24
2945900 24.6756 24
2946000 24.5838 24
2946100 24.4537 24
2946200 24.4423 24
2946300 24.3711 24
2946400 24.2075 24
2946500 23.9089 24
2946600 23.6669 24
2946700 23.703 24
2946800 23.843 24
2946900 24.045 24
2947000 24.0514 24
2947100 23.8964 24
2947200 23.5042 24
2947300 23.2916 24
2947400 23.3017 24
2947500 23.3425 24
2947600 23.4899 24
2947700 23.6255 24
2947800 24.2495 24
2947900 24.9927 24
2948000 25.2828 24
2948100 25.2626 24
2948200 24.992 24
2948300 24.6146 24
2948400 24.3151 24
2948500 24.4269 24
2948600 24.8042 24
2948700 24.7551 24
2948800 24.3332 24
2948900 23.9667 24
2949000 23.9123 24
2949100 24.2069 24
2949200 24.5597 24
2949300 24.5733 24
2949400 24.4939 24
2949500 24.7588 24
2949600 25.1443 24
2949700 25.6142 24
2949800 25.711 24
2949900 25.4498 24
2950000 25.3579 24
2950100 25.5 24
2950200 25.7458 24
2950300 25.9332 24
2950400 25.7932 24
2950500 25.7163 24
2950600 25.3799 24
2950700 24.7997 24
2950800 24.3416 24
2950900 24.1269 24
2951000 23.964 24
2951100 23.9421 24
2951200 24.1065 24
2951300 23.8114 24
2951400 23.3961 24
2951500 23.1458 24
2951600 23.1268 24
2951700 23.3524 24
2951800 23.818 24
2951900 24.2645 24
2952000 24.5049 24
2952100 24.5703 24
2952200 24.6513 24
2952300 24.8716 24
2952400 25.0588 24
2952500 24.9979 24
2952600 24.8011 24
2952700 24.4846 24
2952800 23.987 24
2952900 23.8404 24
2953000 23.8963 24
2953100 24.0232 24
2953200 23.8053 24
2953300 23.7584 24
2953400 24.0193 24
2953500 24.4516 24
2953600 24.5121 24
2953700 24.3731 24
2953800 24.5583 24
2953900 24.3155 24
2954000 23.7977 24
2954100 23.3142 24
2954200 22.9603 24
2954300 22.8786 24
2954400 22.8244 24
2954500 22.7718 24
2954600 23.095 24
2954700 23.1165 24
2954800 22.708 24
2954900 22.7621 24
2955000 23.1559 24
2955100 23.7936 24
2955200 24.4039 24
2955300 24.636 24
2955400 25.0192 24
2955500 25.252 24
2955600 25.1043 24
2955700 24.9936 24
2955800 24.9494 24
2955900 24.7731 24
2956000 24.4033 24
2956100 23.9344 24
2956200 23.6312 24
2956300 23.5 24
2956400 23.5227 24
2956500 23.5565 24
2956600 23.3965 24
2956700 23.3219 24
2956800 23.5782 24
2956900 24.0574 24
2957000 24.4902 24
2957100 24.5949 24
2957200 24.4235 24
2957300 24.0163 24
2957400 23.5371 24
2957500 23.045 24
2957600 22.8489 24
2957700 22.7835 24
2957800 23.0407 24
2957900 23.7015 24
2958000 24.1534 24
2958100 24.499 24
2958200 24.6699 24
2958300 24.585 24
2958400 24.349 24
2958500 24.1913 24
2958600 23.8913 24
2958700 23.7173 24
2958800 23.7964 24
2958900 23.8224 24
2959000 23.8613 24
2959100 23.8494 24
2959200 23.9681 24
2959300 24.3574 24
2959400 24.739 24
2959500 25.1588 24
2959600 25.4701 24
2959700 25.3117 24
2959800 25.0199 24
2959900 24.986 24
2960000 25.0659 24
2960100 25.0702 24
2960200 25.2075 24
2960300 25.1992 24
2960400 24.9254 24
2960500 24.7789 24
2960600 24.841 24
2960700 24.9308 24
2960800 25.2306 24
2960900 25.4539 24
2961000 25.6242 24
2961100 25.6277 24
2961200 25.0753 24
2961300 24.4176 24
2961400 23.7463 24
2961500 23.2904 24
2961600 23.1978 24
2961700 23.568 24
2961800 24.0891 24
2961900 24.2679 24
2962000 24.079 24
2962100 24.1631 24
2962200 24.1673 24
2962300 24.0894 24
2962400 23.8335 24
2962500 23.6606 24
2962600 23.464 24
2962700 23.456 24
2962800 23.4121 24
2962900 23.344 24
2963000 23.2919 24
2963100 23.5966 24
2963200 23.7763 24
2963300 23.615 24
2963400 23.5121 24
2963500 23.4195 24
2963600 23.3571 24
2963700 23.5167 24
2963800 23.8429 24
2963900 24.168 24
2964000 24.4223 24
2964100 24.6311 24
2964200 24.7513 24
2964300 24.5772 24
2964400 24.5559 24
2964500 24.1594 24
2964600 23.7057 24
2964700 23.225 24
2964800 22.9401 24
2964900 23.2081 24
2965000 23.6335 24
2965100 24.0108 24
2965200 24.3886 24
2965300 24.5158 24
2965400 24.6684 24
2965500 24.8673 24
2965600 24.9506 24
2965700 24.9062 24
2965800 24.5695 24
2965900 24.352 24
2966000 24.1254 24
2966100 23.9463 24
2966200 23.9018 24
2966300 23.7756 24
2966400 23.5007 24
2966500 23.5682 24
2966600 23.7419 24
2966700 24.1537 24
2966800 24.3555 24
2966900 24.27 24
2967000 24.0625 24
2967100 24.0678 24
2967200 24.1731 24
2967300 24.3504 24
2967400 24.5583 24
2967500 24.3854 24
2967600 24.0571 24
2967700 23.4312 24
2967800 23.0837 24
2967900 23.2577 24
2968000 23.4605 24
2968100 23.2849 24
2968200 23.0145 24
2968300 22.9057 24
2968400 22.8433 24
2968500 22.9298 24
2968600 23.2533 24
2968700 23.3343 24
2968800 23.2516 24
2968900 23.1743 24
2969000 23.2986 24
2969100 23.4603 24
2969200 23.6456 24
2969300 23.8148 24
2969400 24.0025 24
2969500 24.3571 24
2969600 24.6219 24
2969700 24.6636 24
2969800 24.7545 24
2969900 24.5618 24
2970000 24.257 24
2970100 24.0272 24
2970200 24.1047 24
2970300 24.1597 24
2970400 23.8923 24
2970500 23.6374 24
2970600 23.487 24
2970700 23.5082 24
2970800 23.9064 24
2970900 24.4373 24
2971000 24.8454 24
2971100 25.1756 24
2971200 25.1988 24
2971300 24.8772 24
2971400 24.3072 24
2971500 24.094 24
2971600 23.9722 24
2971700 23.7781 24
2971800 23.3444 24
2971900 23.1706 24
2972000 23.1368 24
2972100 23.416 24
2972200 23.8911 24
2972300 24.2411 24
2972400 24.3469 24
2972500 24.4561 24
2972600 24.5999 24
2972700 24.8566 24
2972800 25.1848 24
2972900 25.3487 24
2973000 25.2453 24
2973100 25.0005 24
2973200 24.5811 24
2973300 24.1518 24
2973400 24.1363 24
2973500 24.2613 24
2973600 24.1925 24
2973700 24.1994 24
2973800 24.1603 24
2973900 24.2252 24
2974000 24.2141 24
2974100 24.1681 24
2974200 24.3063 24
2974300 24.3328 24
2974400 24.5529 24
2974500 24.5728 24
2974600 24.3137 24
2974700 24.0595 24
2974800 23.964 24
2974900 23.9247 24
2975000 23.9074 24
2975100 24.0333 24
2975200 24.0144 24
2975300 24.099 24
2975400 24.2892 24
2975500 24.2935 24
2975600 24.0169 24
2975700 23.9168 24
2975800 23.9952 24
2975900 23.8584 24
2976000 23.714 24
2976100 23.727 24
2976200 23.9648 24
2976300 24.2482 24
2976400 24.4243 24
2976500 24.3387 24
2976600 24.3295 24
2976700 24.2721 24
2976800 24.2785 24
2976900 24.2549 24
2977000 24.018 24
2977100 23.6852 24
2977200 23.6914 24
2977300 24.1534 24
2977400 24.9139 24
2977500 25.5143 24
2977600 25.4907 24
2977700 25.1331 24
2977800 24.8792 24
2977900 24.7243 24
2978000 24.5492 24
2978100 24.4632 24
2978200 24.4984 24
2978300 24.6241 24
2978400 25.0144 24
2978500 25.3572 24
2978600 25.5341 24
2978700 25.6064 24
2978800 25.5807 24
2978900 25.2396 24
2979000 24.7693 24
2979100 24.4733 24
2979200 24.2027 24
2979300 24.165 24
2979400 24.3373 24
2979500 24.2919 24
2979600 24.1583 24
2979700 23.9736 24
2979800 23.5639 24
2979900 23.1121 24
2980000 23.0419 24
2980100 23.2893 24
2980200 23.5235 24
2980300 23.7012 24
2980400 23.6259 24
2980500 23.6259 24
2980600 23.6928 24
2980700 24.0084 24
2980800 24.3724 24
2980900 24.3367 24
2981000 24.4852 24
2981100 24.7239 24
2981200 24.8219 24
2981300 24.663 24
2981400 24.4345 24
2981500 24.5758 24
2981600 24.4744 24
2981700 24.1758 24
2981800 23.9651 24
2981900 23.9594 24
2982000 24.0236 24
2982100 23.9829 24
2982200 24.1134 24
2982300 24.2214 24
2982400 23.9734 24
2982500 23.9009 24
2982600 23.8794 24
2982700 23.5973 24
2982800 23.409 24
2982900 23.0543 24
2983000 22.7309 24
2983100 22.7261 24
2983200 22.9617 24
2983300 23.22 24
2983400 23.6289 24
2983500 23.7938 24
2983600 23.8138 24
2983700 23.8318 24
2983800 23.8089 24
2983900 23.9211 24
2984000 24.2096 24
2984100 24.4403 24
2984200 24.6554 24
2984300 24.9516 24
2984400 25.0655 24
2984500 24.8462 24
2984600 24.272 24
2984700 23.9393 24
2984800 23.9489 24
2984900 23.8371 24
2985000 23.8592 24
2985100 24.1355 24
2985200 24.4941 24
2985300 24.8203 24
2985400 25.0137 24
2985500 24.7768 24
2985600 24.3276 24
2985700 23.6984 24
2985800 23.2226 24
2985900 22.8524 24
2986000 22.6454 24
2986100 22.8133 24
2986200 23.0568 24
2986300 23.1727 24
2986400 23.0747 24
2986500 23.0874 24
2986600 23.1217 24
2986700 23.2981 24
2986800 23.5553 24
2986900 23.6873 24
2987000 23.7405 24
2987100 23.821 24
2987200 24.0055 24
2987300 24.133 24
2987400 24.1189 24
2987500 24.2207 24
2987600 24.2826 24
2987700 24.0637 24
2987800 23.8105 24
2987900 23.5535 24
2988000 23.5102 24
2988100 23.7412 24
2988200 24.0821 24
2988300 24.191 24
2988400 24.169 24
2988500 24.1128 24
2988600 24.0491 24
2988700 23.9236 24
2988800 23.8758 24
2988900 24.0158 24
2989000 23.8794 24
2989100 23.3205 24
2989200 23.0242 24
2989300 22.7748 24
2989400 22.8292 24
2989500 23.112 24
2989600 23.6012 24
2989700 23.8558 24
2989800 23.8811 24
2989900 23.7597 24
2990000 23.7614 24
2990100 23.9459 24
2990200 24.0804 24
2990300 24.1936 24
2990400 24.2144 24
2990500 24.3474 24
2990600 24.3497 24
2990700 24.1559 24
2990800 24.1226 24
2990900 23.9021 24
2991000 23.8924 24
2991100 24.1089 24
2991200 24.1192 24
2991300 23.9584 24
2991400 23.8048 24
2991500 23.5555 24
2991600 23.1947 24
2991700 23.2682 24
2991800 23.805 24
2991900 24.5591 24
2992000 25.438 24
2992100 25.8914 24
2992200 25.7996 24
2992300 25.5036 24
2992400 25.1737 24
2992500 24.5566 24
2992600 23.9511 24
2992700 24.0477 24
2992800 24.3386 24
2992900 24.3398 24
2993000 24.3934 24
2993100 24.7733 24
2993200 25.3531 24
2993300 25.9945 24
2993400 26.2931 24
2993500 25.9019 24
2993600 25.3826 24
2993700 25.0026 24
2993800 24.8414 24
2993900 24.7275 24
2994000 24.3741 24
2994100 24.0003 24
2994200 23.7438 24
2994300 23.8974 24
2994400 24.175 24
2994500 24.5226 24
2994600 24.7624 24
2994700 24.6779 24
2994800 24.5308 24
2994900 24.6648 24
2995000 24.9031 24
2995100 24.979 24
2995200 24.8921 24
2995300 24.6561 24
2995400 24.4123 24
2995500 24.3241 24
2995600 24.2631 24
2995700 24.2585 24
2995800 24.5653 24
2995900 24.7979 24
2996000 24.8833 24
2996100 24.9012 24
2996200 24.7778 24
2996300 24.4428 24
2996400 24.0124 24
2996500 23.6994 24
2996600 23.2851 24
2996700 23.1645 24
2996800 23.2183 24
2996900 23.4277 24
2997000 23.3415 24
2997100 23.3541 24
2997200 23.5328 24
2997300 23.6744 24
2997400 23.6581 24
2997500 23.6225 24
2997600 23.556 24
2997700 23.6667 24
2997800 23.7765 24
2997900 23.7636 24
2998000 23.853 24
2998100 24.0162 24
2998200 24.3691 24
2998300 24.9967 24
2998400 25.5591 24
2998500 25.8487 24
2998600 26.0479 24
2998700 26.054 24
2998800 25.8478 24
2998900 25.0819 24
2999000 24.1072 24
2999100 23.2214 24
2999200 22.5942 24
2999300 22.2056 24
2999400 22.2857 24
2999500 22.7964 24
2999600 23.4528 24
2999700 24.1102 24
2999800 24.4243 24
2999900 24.543 24
3000000 24.3386 24
3000100 23.8862 24
3000200 23.5516 24
3000300 23.5592 24
3000400 23.648 24
3000500 23.6415 24
3000600 23.7543 24
3000700 23.9178 24
3000800 24.355 24
3000900 24.6842 24
3001000 24.9651 24
3001100 25.0526 24
3001200 25.088 24
3001300 25.3523 24
3001400 25.6816 24
3001500 25.6424 24
3001600 25.0648 24
3001700 24.2877 24
3001800 23.6684 24
3001900 23.3667 24
3002000 23.596 24
3002100 23.8749 24
3002200 23.9681 24
3002300 24.0537 24
3002400 24.1726 24
3002500 24.3936 24
3002600 24.7005 24
3002700 24.9784 24
3002800 24.9168 24
3002900 24.5837 24
3003000 24.1542 24
3003100 23.6989 24
3003200 23.5376 24
3003300 23.4104 24
3003400 23.7674 24
3003500 24.4486 24
3003600 24.8271 24
3003700 24.8825 24
3003800 24.4507 24
3003900 23.9354 24
3004000 23.5992 24
3004100 23.5622 24
3004200 23.6925 24
3004300 23.7604 24
3004400 23.4703 24
3004500 23.2548 24
3004600 22.9677 24
3004700 22.7977 24
3004800 22.7397 24
3004900 23.0118 24
3005000 23.3413 24
3005100 23.8163 24
3005200 24.2932 24
3005300 24.6877 24
3005400 24.8925 24
3005500 24.8948 24
3005600 24.7203 24
3005700 24.5173 24
3005800 24.5612 24
3005900 24.7739 24
3006000 24.948 24
3006100 24.8768 24
3006200 24.6781 24
3006300 24.4635 24
3006400 24.2105 24
3006500 24.0344 24
3006600 24.1856 24
3006700 24.4281 24
3006800 24.7526 24
3006900 25.1829 24
3007000 25.4444 24
3007100 25.2006 24
3007200 24.5822 24
3007300 23.9785 24
3007400 23.7392 24
3007500 23.7599 24
3007600 23.7525 24
3007700 23.745 24
3007800 24.1095 24
3007900 24.5674 24
3008000 25.046 24
3008100 25.271 24
3008200 25.1829 24
3008300 25.1213 24
3008400 24.7851 24
3008500 24.1242 24
3008600 23.5925 24
3008700 23.3732 24
3008800 23.554 24
3008900 23.8516 24
3009000 23.9642 24
3009100 23.9775 24
3009200 23.8279 24
3009300 23.5767 24
3009400 23.296 24
3009500 23.0679 24
3009600 22.9784 24
3009700 22.9563 24
3009800 23.2392 24
3009900 23.865 24
3010000 24.5524 24
3010100 25.0047 24
3010200 25.0817 24
3010300 24.9271 24
3010400 24.6052 24
3010500 24.1256 24
3010600 23.8375 24
3010700 23.6723 24
3010800 23.6499 24
3010900 23.8658 24
3011000 23.8076 24
3011100 23.5473 24
3011200 23.4665 24
3011300 23.3853 24
3011400 23.2655 24
3011500 23.246 24
3011600 23.2982 24
3011700 23.4024 24
3011800 23.3465 24
3011900 23.1033 24
3012000 22.9762 24
3012100 22.8715 24
3012200 23.0209 24
3012300 23.3873 24
3012400 23.5428 24
3012500 23.6328 24
3012600 24.0123 24
3012700 24.4385 24
3012800 24.603 24
3012900 24.5786 24
3013000 24.7747 24
3013100 25.0332 24
3013200 24.885 24
3013300 24.7766 24
3013400 24.5565 24
3013500 24.1969 24
3013600 24.3719 24
3013700 24.9617 24
3013800 25.299 24
3013900 25.381 24
3014000 25.2748 24
3014100 25.1237 24
3014200 24.7649 24
3014300 24.0242 24
3014400 23.3616 24
3014500 23.0066 24
3014600 23.0272 24
3014700 23.258 24
3014800 23.5004 24
3014900 23.9121 24
3015000 24.1752 24
3015100 24.5692 24
3015200 24.6687 24
3015300 24.6978 24
3015400 24.9255 24
3015500 24.8824 24
3015600 24.7435 24
3015700 24.2677 24
3015800 23.694 24
3015900 23.3982 24
3016000 23.1841 24
3016100 22.9694 24
3016200 22.903 24
3016300 23.0094 24
3016400 23.0145 24
3016500 22.9646 24
3016600 23.2826 24
3016700 23.7365 24
3016800 24.3368 24
3016900 24.7449 24
3017000 24.7393 24
3017100 24.3171 24
3017200 23.6986 24
3017300 23.1901 24
3017400 22.9474 24
3017500 23.206 24
3017600 23.4997 24
3017700 23.8619 24
3017800 24.2204 24
3017900 24.4206 24
3018000 24.3015 24
3018100 23.9414 24
3018200 23.7593 24
3018300 23.6687 24
3018400 23.6891 24
3018500 23.8559 24
3018600 23.9486 24
3018700 24.046 24
3018800 23.8717 24
3018900 23.7383 24
3019000 23.761 24
3019100 24.1592 24
3019200 24.5258 24
3019300 24.3064 24
3019400 23.945 24
3019500 23.6589 24
3019600 23.3803 24
3019700 23.4702 24
3019800 23.7724 24
3019900 24.1413 24
3020000 24.6084 24
3020100 24.7037 24
3020200 24.6778 24
3020300 24.7126 24
3020400 24.474 24
3020500 23.5511 24
3020600 22.9604 24
3020700 22.8231 24
3020800 22.883 24
3020900 22.8631 24
3021000 22.9436 24
3021100 23.1122 24
3021200 22.9902 24
3021300 23.0395 24
3021400 23.4556 24
3021500 23.8476 24
3021600 24.0403 24
3021700 24.3016 24
3021800 24.4075 24
3021900 24.1275 24
3022000 23.6996 24
3022100 23.2792 24
3022200 22.6929 24
3022300 22.5461 24
3022400 22.657 24
3022500 23.0508 24
3022600 23.8959 24
3022700 24.7726 24
3022800 25.3597 24
3022900 25.4198 24
3023000 25.3789 24
3023100 25.2157 24
3023200 25.0097 24
3023300 24.7714 24
3023400 24.2163 24
3023500 23.6828 24
3023600 23.4498 24
3023700 23.437 24
3023800 23.5483 24
3023900 23.6413 24
3024000 23.5879 24
3024100 23.9694 24
3024200 24.4666 24
3024300 24.7767 24
3024400 25.0634 24
3024500 25.0228 24
3024600 24.8204 24
3024700 24.5088 24
3024800 23.9119 24
3024900 23.5698 24
3025000 23.4029 24
3025100 23.3853 24
3025200 23.1457 24
3025300 22.9455 24
3025400 23.034 24
3025500 23.5586 24
3025600 24.1061 24
3025700 24.5388 24
3025800 24.8436 24
3025900 24.874 24
3026000 24.3406 24
3026100 23.7073 24
3026200 23.3695 24
3026300 23.3529 24
3026400 23.4279 24
3026500 23.3962 24
3026600 23.3643 24
3026700 23.4051 24
3026800 23.2705 24
3026900 23.1836 24
3027000 23.1971 24
3027100 23.3475 24
3027200 23.4165 24
3027300 23.6518 24
3027400 23.7753 24
3027500 23.8712 24
3027600 23.9985 24
3027700 24.1397 24
3027800 23.9409 24
3027900 23.9366 24
3028000 24.0667 24
3028100 23.8434 24
3028200 23.6612 24
3028300 23.7918 24
3028400 24.0549 24
3028500 24.3543 24
3028600 24.352 24
3028700 24.3492 24
3028800 24.2995 24
3028900 24.2193 24
3029000 24.0522 24
3029100 23.8698 24
3029200 23.9329 24
3029300 24.0038 24
3029400 24.226 24
3029500 24.3103 24
3029600 24.3677 24
3029700 24.1934 24
3029800 23.88 24
3029900 23.3822 24
3030000 23.0195 24
3030100 22.647 24
3030200 22.5768 24
3030300 22.8139 24
3030400 23.0398 24
3030500 23.3062 24
3030600 23.3775 24
3030700 23.5569 24
3030800 23.9895 24
3030900 24.4413 24
3031000 24.8759 24
3031100 25.2322 24
3031200 25.2721 24
3031300 25.1531 24
3031400 25.0202 24
3031500 24.9743 24
3031600 25.2688 24
3031700 25.6372 24
3031800 25.7819 24
3031900 25.5411 24
3032000 25.0723 24
3032100 24.4036 24
3032200 23.7203 24
3032300 23.2453 24
3032400 22.9925 24
3032500 23.0088 24
3032600 23.1251 24
3032700 23.2137 24
3032800 23.153 24
3032900 23.1286 24
3033000 23.4948 24
3033100 23.7707 24
3033200 24.0566 24
3033300 24.191 24
3033400 24.3016 24
3033500 24.3908 24
3033600 24.4234 24
3033700 24.4574 24
3033800 24.4425 24
3033900 24.2523 24
3034000 24.1847 24
3034100 24.2692 24
3034200 23.9759 24
3034300 23.5559 24
3034400 23.2504 24
3034500 23.0597 24
3034600 23.0341 24
3034700 23.2074 24
3034800 23.4664 24
3034900 23.9974 24
3035000 24.4653 24
3035100 24.6565 24
3035200 24.8079 24
3035300 25.0234 24
3035400 25.1628 24
3035500 25.1936 24
3035600 25.1441 24
3035700 24.9145 24
3035800 24.6 24
3035900 24.1748 24
3036000 23.748 24
3036100 23.6263 24
3036200 23.3883 24
3036300 23.3651 24
3036400 23.4347 24
3036500 23.372 24
3036600 23.416 24
3036700 23.4754 24
3036800 23.4623 24
3036900 23.494 24
3037000 23.6705 24
3037100 24.0907 24
3037200 24.6975 24
3037300 24.9914 24
3037400 24.8286 24
3037500 24.7031 24
3037600 24.9532 24
3037700 24.9412 24
3037800 24.6818 24
3037900 24.4589 24
3038000 24.2483 24
3038100 23.9398 24
3038200 23.7682 24
3038300 23.8351 24
3038400 24.0203 24
3038500 24.0089 24
3038600 23.8447 24
3038700 23.9529 24
3038800 24.2591 24
3038900 24.4411 24
3039000 24.2816 24
3039100 24.1355 24
3039200 23.9629 24
3039300 23.8769 24
3039400 23.6433 24
3039500 23.7145 24
3039600 24.0614 24
3039700 24.4485 24
3039800 24.8548 24
3039900 25.42 24
3040000 25.604 24
3040100 25.3599 24
3040200 24.7231 24
3040300 23.8489 24
3040400 23.2009 24
3040500 22.9032 24
3040600 22.8462 24
3040700 22.9855 24
3040800 23.4121 24
3040900 23.743 24
3041000 23.6901 24
3041100 23.5862 24
3041200 23.5583 24
3041300 23.7959 24
3041400 23.9822 24
3041500 23.9388 24
3041600 23.722 24
3041700 23.6206 24
3041800 23.6428 24
3041900 23.7542 24
3042000 23.6749 24
3042100 23.6117 24
3042200 23.7511 24
3042300 24.2672 24
3042400 24.6667 24
3042500 25.0699 24
3042600 25.4563 24
3042700 25.4288 24
3042800 25.1949 24
3042900 24.6814 24
3043000 24.0626 24
3043100 23.8176 24
3043200 23.5825 24
3043300 23.4021 24
3043400 23.3602 24
3043500 23.3509 24
3043600 23.326 24
3043700 23.3033 24
3043800 23.0979 24
3043900 22.7595 24
3044000 22.336 24
3044100 22.2428 24
3044200 22.4627 24
3044300 22.7043 24
3044400 23.0344 24
3044500 23.4484 24
3044600 23.9341 24
3044700 24.0812 24
3044800 23.9572 24
3044900 23.8422 24
3045000 23.6773 24
3045100 23.5348 24
3045200 23.5755 24
3045300 23.7604 24
3045400 24.0239 24
3045500 24.2297 24
3045600 24.1928 24
3045700 24.2965 24
3045800 24.7117 24
3045900 25.0723 24
3046000 24.9419 24
3046100 24.4238 24
3046200 23.9611 24
3046300 23.864 24
3046400 23.8129 24
3046500 23.6387 24
3046600 23.3659 24
3046700 23.1337 24
3046800 23.3277 24
3046900 23.6432 24
3047000 23.6382 24
3047100 23.5183 24
3047200 23.6354 24
3047300 23.9795 24
3047400 24.2874 24
3047500 24.5304 24
3047600 24.5957 24
3047700 24.4667 24
3047800 24.5054 24
3047900 24.4783 24
3048000 24.4345 24
3048100 24.3738 24
3048200 24.4098 24
3048300 24.7997 24
3048400 25.3233 24
3048500 25.615 24
3048600 25.7219 24
3048700 25.4847 24
3048800 25.1229 24
3048900 24.8565 24
3049000 24.608 24
3049100 24.2636 24
3049200 23.696 24
3049300 23.2683 24
3049400 22.8672 24
3049500 22.7135 24
3049600 22.5707 24
3049700 22.664 24
3049800 22.8188 24
3049900 23.3159 24
3050000 23.9784 24
3050100 24.6785 24
3050200 25.088 24
3050300 25.1784 24
3050400 25.1567 24
3050500 25.1156 24
3050600 24.7801 24
3050700 24.4835 24
3050800 24.4591 24
3050900 24.5333 24
3051000 24.6686 24
3051100 24.8227 24
3051200 24.8948 24
3051300 24.9507 24
3051400 24.9116 24
3051500 25.0627 24
3051600 25.0383 24
3051700 24.6374 24
3051800 23.9677 24
3051900 23.464 24
3052000 23.364 24
3052100 23.485 24
3052200 23.6466 24
3052300 23.7109 24
3052400 23.8573 24
3052500 24.0825 24
3052600 24.1723 24
3052700 24.0052 24
3052800 23.7515 24
3052900 23.6392 24
3053000 23.6376 24
3053100 23.7153 24
3053200 23.8631 24
3053300 24.098 24
3053400 24.3733 24
3053500 24.625 24
3053600 24.4679 24
3053700 24.2319 24
3053800 24.0025 24
3053900 24.0085 24
3054000 24.0556 24
3054100 24.0895 24
3054200 24.1454 24
3054300 24.0202 24
3054400 23.7963 24
3054500 23.5827 24
3054600 23.6003 24
3054700 23.6615 24
3054800 23.6765 24
3054900 23.8852 24
3055000 24.1506 24
3055100 24.3604 24
3055200 24.3646 24
3055300 24.2919 24
3055400 24.4097 24
3055500 24.5945 24
3055600 24.8815 24
3055700 24.9571 24
3055800 24.5826 24
3055900 24.1022 24
3056000 23.8451 24
3056100 23.7524 24
3056200 23.6023 24
3056300 23.5921 24
3056400 23.6777 24
3056500 23.8127 24
3056600 23.8675 24
3056700 24.0473 24
3056800 23.9643 24
3056900 23.9658 24
3057000 23.9856 24
3057100 24.1146 24
3057200 24.3579 24
3057300 24.3762 24
3057400 24.4263 24
3057500 24.5596 24
3057600 24.5921 24
3057700 24.5923 24
3057800 24.3861 24
3057900 24.3864 24
3058000 24.5798 24
3058100 24.8905 24
3058200 25.0946 24
3058300 25.0623 24
3058400 24.9065 24
3058500 24.6839 24
3058600 24.3481 24
3058700 23.6827 24
3058800 23.2753 24
3058900 23.2279 24
3059000 23.4606 24
3059100 23.4581 24
3059200 23.2943 24
3059300 23.3577 24
3059400 23.3867 24
3059500 23.5171 24
3059600 23.8204 24
3059700 24.3219 24
3059800 24.5779 24
3059900 24.7741 24
3060000 25.0107 24
3060100 24.9049 24
3060200 24.597 24
3060300 24.4364 24
3060400 24.1914 24
3060500 23.7751 24
3060600 23.4568 24
3060700 23.3655 24
3060800 23.3033 24
3060900 23.319 24
3061000 23.0736 24
3061100 22.942 24
3061200 22.8796 24
3061300 23.0179 24
3061400 23.2627 24
3061500 23.8261 24
3061600 24.5723 24
3061700 24.9983 24
3061800 25.1143 24
3061900 25.154 24
3062000 25.1288 24
3062100 25.0214 24
3062200 24.9541 24
3062300 24.9768 24
3062400 25.0166 24
3062500 25.1639 24
3062600 25.1631 24
3062700 25.0995 24
3062800 25.4147 24
3062900 25.714 24
3063000 25.5295 24
3063100 24.8488 24
3063200 24.4022 24
3063300 24.1253 24
3063400 24.0955 24
3063500 24.3617 24
3063600 24.6788 24
3063700 24.9127 24
3063800 25.2129 24
3063900 25.4983 24
3064000 25.4952 24
3064100 25.0976 24
3064200 24.4162 24
3064300 23.6449 24
3064400 22.955 24
3064500 22.6591 24
3064600 22.8367 24
3064700 23.2394 24
3064800 23.5414 24
3064900 24.011 24
3065000 24.8519 24
3065100 25.3947 24
3065200 25.5249 24
3065300 25.4216 24
3065400 25.0181 24
3065500 24.3966 24
3065600 23.5343 24
3065700 23.2207 24
3065800 23.4209 24
3065900 24.0264 24
3066000 24.5571 24
3066100 24.6694 24
3066200 24.6439 24
3066300 24.4252 24
3066400 24.1532 24
3066500 23.9867 24
3066600 23.9485 24
3066700 24.1415 24
3066800 24.4204 24
3066900 24.7088 24
3067000 24.8578 24
3067100 24.5609 24
3067200 24.0029 24
3067300 23.6054 24
3067400 23.4427 24
3067500 23.5744 24
3067600 23.9754 24
3067700 24.4718 24
3067800 24.8533 24
3067900 25.1174 24
3068000 25.0643 24
3068100 24.9802 24
3068200 25.0787 24
3068300 25.2229 24
3068400 25.201 24
3068500 25.0794 24
3068600 24.9954 24
3068700 24.8018 24
3068800 24.6488 24
3068900 24.8918 24
3069000 24.8906 24
3069100 24.7029 24
3069200 24.5094 24
3069300 24.4732 24
3069400 24.589 24
3069500 24.7864 24
3069600 25.0963 24
3069700 25.2209 24
3069800 25.0534 24
3069900 24.9333 24
3070000 24.7926 24
3070100 24.7358 24
3070200 24.4686 24
3070300 24.224 24
3070400 24.1121 24
3070500 24.3015 24
3070600 24.3091 24
3070700 24.3295 24
3070800 24.1782 24
3070900 24.2369 24
3071000 24.5983 24
3071100 25.0172 24
3071200 24.9235 24
3071300 24.7479 24
3071400 24.5665 24
3071500 24.075 24
3071600 23.514 24
3071700 23.1727 24
3071800 23.0596 24
3071900 23.1725 24
3072000 23.3407 24
3072100 23.5123 24
3072200 23.7805 24
3072300 24.1476 24
3072400 24.4547 24
3072500 24.4597 24
3072600 24.4241 24
3072700 24.4313 24
3072800 24.3538 24
3072900 24.1936 24
3073000 23.9407 24
3073100 23.8895 24
3073200 23.9813 24
3073300 23.9969 24
3073400 23.8582 24
3073500 23.541 24
3073600 23.1498 24
3073700 23.1264 24
3073800 23.3383 24
3073900 23.6032 24
3074000 23.9551 24
3074100 23.8805 24
3074200 23.5174 24
3074300 23.2086 24
3074400 23.1989 24
3074500 23.2197 24
3074600 23.0667 24
3074700 22.9952 24
3074800 23.1991 24
3074900 23.3576 24
3075000 23.5986 24
3075100 24.1093 24
3075200 24.5927 24
3075300 25.1055 24
3075400 25.7593 24
3075500 26.2482 24
3075600 26.3727 24
3075700 26.0429 24
3075800 25.4968 24
3075900 25.0804 24
3076000 24.7062 24
3076100 24.0918 24
3076200 23.5847 24
3076300 23.3854 24
3076400 23.3258 24
3076500 23.396 24
3076600 23.6739 24
3076700 23.9872 24
3076800 24.3095 24
3076900 24.6714 24
3077000 25.0311 24
3077100 25.1466 24
3077200 24.8834 24
3077300 24.4275 24
3077400 24.2098 24
3077500 23.9757 24
3077600 24.0922 24
3077700 24.2158 24
3077800 24.1437 24
3077900 23.9899 24
3078000 23.7214 24
3078100 23.49 24
3078200 23.3969 24
3078300 23.3159 24
3078400 23.4621 24
3078500 23.7166 24
3078600 23.5446 24
3078700 23.2765 24
3078800 23.1704 24
3078900 23.4714 24
3079000 23.8304 24
3079100 24.0754 24
3079200 24.4338 24
3079300 24.6377 24
3079400 24.8598 24
3079500 24.928 24
3079600 24.7101 24
3079700 24.3412 24
3079800 23.9663 24
3079900 23.5509 24
3080000 23.219 24
3080100 23.341 24
3080200 23.7075 24
3080300 24.1889 24
3080400 24.5784 24
3080500 24.9331 24
3080600 24.9204 24
3080700 24.6912 24
3080800 24.2391 24
3080900 23.7749 24
3081000 23.8734 24
3081100 23.9326 24
3081200 23.9027 24
3081300 23.7692 24
3081400 23.9615 24
3081500 24.0991 24
3081600 24.1983 24
3081700 24.3449 24
3081800 24.4338 24
3081900 24.586 24
3082000 24.6691 24
3082100 24.6041 24
3082200 24.5694 24
3082300 24.6147 24
3082400 24.5658 24
3082500 24.2685 24
3082600 23.7672 24
3082700 23.38 24
3082800 23.2904 24
3082900 23.2937 24
3083000 23.1982 24
3083100 22.9057 24
3083200 22.5322 24
3083300 22.737 24
3083400 23.3223 24
3083500 23.9424 24
3083600 24.226 24
3083700 24.0663 24
3083800 23.692 24
3083900 23.3256 24
3084000 23.0551 24
3084100 22.8917 24
3084200 23.0806 24
3084300 23.5722 24
3084400 24.2644 24
3084500 24.7718 24
3084600 25.0927 24
3084700 24.9644 24
3084800 24.6666 24
3084900 24.1875 24
3085000 24.0417 24
3085100 24.1528 24
3085200 24.3795 24
3085300 24.4982 24
3085400 24.2682 24
3085500 23.8594 24
3085600 23.3622 24
3085700 23.0984 24
3085800 23.1878 24
3085900 23.366 24
3086000 23.5402 24
3086100 23.8419 24
3086200 24.2594 24
3086300 24.6017 24
3086400 24.7848 24
3086500 25.0619 24
3086600 25.1501 24
3086700 24.932 24
3086800 24.5769 24
3086900 24.3806 24
3087000 24.328 24
3087100 24.1814 24
3087200 23.9319 24
3087300 23.6004 24
3087400 23.3609 24
3087500 23.2144 24
3087600 23.1538 24
3087700 23.3446 24
3087800 23.6597 24
3087900 23.8797 24
3088000 23.9781 24
3088100 24.1525 24
3088200 24.1316 24
3088300 23.9092 24
3088400 23.9641 24
3088500 23.7836 24
3088600 23.5818 24
3088700 23.6536 24
3088800 23.7991 24
3088900 24.1141 24
3089000 24.3238 24
3089100 24.5652 24
3089200 24.3692 24
3089300 24.3017 24
3089400 24.2829 24
3089500 24.3071 24
3089600 24.4822 24
3089700 24.6379 24
3089800 24.7264 24
3089900 24.8776 24
3090000 25.1134 24
3090100 25.1243 24
3090200 24.9105 24
3090300 24.6857 24
3090400 24.4713 24
3090500 24.2876 24
3090600 24.2101 24
3090700 24.1132 24
3090800 23.8683 24
3090900 23.5624 24
3091000 23.4387 24
3091100 23.4609 24
3091200 23.8296 24
3091300 24.5176 24
3091400 24.8984 24
3091500 24.8341 24
3091600 24.4313 24
3091700 24.0453 24
3091800 23.842 24
3091900 23.8346 24
3092000 23.9305 24
3092100 24.1144 24
3092200 24.225 24
3092300 24.2997 24
3092400 24.378 24
3092500 24.2182 24
3092600 23.9299 24
3092700 23.608 24
3092800 23.2843 24
3092900 23.3999 24
3093000 23.761 24
3093100 24.0598 24
3093200 24.0755 24
3093300 24.0806 24
3093400 24.2982 24
3093500 24.638 24
3093600 24.9295 24
3093700 24.8074 24
3093800 24.6012 24
3093900 24.2547 24
3094000 23.9106 24
3094100 23.7594 24
3094200 23.6232 24
3094300 23.5525 24
3094400 23.4599 24
3094500 23.2716 24
3094600 23.1423 24
3094700 23.1016 24
3094800 23.3485 24
3094900 23.6651 24
3095000 23.8598 24
3095100 24.001 24
3095200 24.1017 24
3095300 24.2277 24
3095400 24.2915 24
3095500 24.2935 24
3095600 24.2789 24
3095700 24.024 24
3095800 23.6928 24
3095900 23.4752 24
3096000 23.4548 24
3096100 23.5143 24
3096200 23.2095 24
3096300 22.7549 24
3096400 22.6581 24
3096500 22.9607 24
3096600 23.5604 24
3096700 23.9319 24
3096800 24.3118 24
3096900 24.4955 24
3097000 24.404 24
3097100 24.2141 24
3097200 24.0563 24
3097300 23.857 24
3097400 23.6663 24
3097500 23.532 24
3097600 23.4172 24
3097700 23.6658 24
3097800 23.998 24
3097900 24.2342 24
3098000 24.1525 24
3098100 23.8904 24
3098200 23.8595 24
3098300 23.9013 24
3098400 23.9859 24
3098500 24.0563 24
3098600 24.1596 24
3098700 24.3369 24
3098800 24.434 24
3098900 24.5079 24
3099000 24.5167 24
3099100 24.4219 24
3099200 24.6096 24
3099300 24.8967 24
3099400 25.0924 24
3099500 25.243 24
3099600 25.0356 24
3099700 24.6874 24
3099800 24.5485 24
3099900 24.4773 24
3100000 24.5186 24
3100100 24.5446 24
3100200 24.5283 24
3100300 24.2994 24
3100400 24.0477 24
3100500 23.9074 24
3100600 24.0736 24
3100700 24.3605 24
3100800 24.4836 24
3100900 24.4394 24
3101000 24.5451 24
3101100 24.407 24
3101200 23.8158 24
3101300 23.1256 24
3101400 22.4175 24
3101500 22.2332 24
3101600 22.5374 24
3101700 22.9721 24
3101800 23.2687 24
3101900 23.6512 24
3102000 23.9273 24
3102100 24.2107 24
3102200 24.4946 24
3102300 24.567 24
3102400 24.427 24
3102500 24.307 24
3102600 24.4131 24
3102700 24.4997 24
3102800 24.6192 24
3102900 24.7604 24
3103000 24.6911 24
3103100 24.379 24
3103200 24.0373 24
3103300 23.8923 24
3103400 23.8171 24
3103500 23.7853 24
3103600 23.6784 24
3103700 23.7918 24
3103800 24.299 24
3103900 24.7439 24
3104000 25.1708 24
3104100 25.4047 24
3104200 25.2827 24
3104300 24.8561 24
3104400 24.4391 24
3104500 23.9844 24
3104600 23.4861 24
3104700 23.2106 24
3104800 23.1434 24
3104900 23.3316 24
3105000 23.4716 24
3105100 23.6808 24
3105200 24.0096 24
3105300 23.8872 24
3105400 23.7134 24
3105500 23.8188 24
3105600 24.1049 24
3105700 24.3272 24
3105800 24.4036 24
3105900 24.1706 24
3106000 23.7249 24
3106100 23.3994 24
3106200 23.238 24
3106300 23.1876 24
3106400 23.2812 24
3106500 23.1945 24
3106600 23.2699 24
3106700 23.2672 24
3106800 23.2828 24
3106900 23.6546 24
3107000 24.1032 24
3107100 24.0993 24
3107200 24.2132 24
3107300 24.358 24
3107400 24.2662 24
3107500 24.2315 24
3107600 24.0156 24
3107700 23.556 24
3107800 23.4606 24
3107900 23.703 24
3108000 24.1058 24
3108100 24.8008 24
3108200 25.2681 24
3108300 25.5087 24
3108400 25.7298 24
3108500 25.8982 24
3108600 25.8114 24
3108700 25.4639 24
3108800 25.1024 24
3108900 24.8396 24
3109000 24.6871 24
3109100 24.3445 24
3109200 23.821 24
3109300 23.5967 24
3109400 23.7067 24
3109500 24.1247 24
3109600 24.5374 24
3109700 24.5354 24
3109800 24.1356 24
3109900 23.7824 24
3110000 23.5029 24
3110100 23.0829 24
3110200 22.9417 24
3110300 23.2421 24
3110400 23.5189 24
3110500 23.7404 24
3110600 24.0845 24
3110700 24.1222 24
3110800 24.0391 24
3110900 23.9087 24
3111000 23.7099 24
3111100 23.3313 24
3111200 22.9179 24
3111300 22.8072 24
3111400 22.987 24
3111500 23.1459 24
3111600 23.4445 24
3111700 23.3547 24
3111800 23.2899 24
3111900 23.1738 24
3112000 23.0265 24
3112100 22.8509 24
3112200 22.866 24
3112300 23.1896 24
3112400 23.7716 24
3112500 24.3738 24
3112600 24.7056 24
3112700 24.9866 24
3112800 25.0028 24
3112900 25.0151 24
3113000 24.9016 24
3113100 24.8432 24
3113200 24.795 24
3113300 24.4156 24
3113400 24.0659 24
3113500 23.8795 24
3113600 23.9382 24
3113700 24.0153 24
3113800 23.9054 24
3113900 23.8252 24
3114000 23.7515 24
3114100 23.9223 24
3114200 24.0197 24
3114300 24.2291 24
3114400 24.6103 24
3114500 24.7241 24
3114600 24.7283 24
3114700 24.6346 24
3114800 24.6897 24
3114900 24.6283 24
3115000 24.4476 24
3115100 24.2559 24
3115200 24.2046 24
3115300 24.1392 24
3115400 23.8813 24
3115500 23.5418 24
3115600 23.3731 24
3115700 23.5506 24
3115800 23.6986 24
3115900 24.1427 24
3116000 24.8604 24
3116100 25.3727 24
3116200 25.4197 24
3116300 25.1043 24
3116400 24.7539 24
3116500 24.4306 24
3116600 24.1434 24
3116700 24.0341 24
3116800 23.9531 24
3116900 23.892 24
3117000 23.7505 24
3117100 23.3197 24
3117200 22.9737 24
3117300 23.1173 24
3117400 23.4862 24
3117500 23.8421 24
3117600 23.7699 24
3117700 23.9294 24
3117800 24.0297 24
3117900 23.9869 24
3118000 23.8503 24
3118100 23.7182 24
3118200 23.5913 24
3118300 23.6174 24
3118400 23.8025 24
3118500 23.7807 24
3118600 23.5547 24
3118700 23.6653 24
3118800 23.8817 24
3118900 23.9828 24
3119000 23.6865 24
3119100 23.4495 24
3119200 23.5395 24
3119300 24.0186 24
3119400 24.6476 24
3119500 25.0151 24
3119600 25.3217 24
3119700 25.2178 24
3119800 25.06 24
3119900 24.8891 24
3120000 24.6178 24
3120100 24.4762 24
3120200 24.3871 24
3120300 24.3005 24
3120400 24.121 24
3120500 23.6202 24
3120600 23.2065 24
3120700 23.3 24
3120800 23.8459 24
3120900 24.7059 24
3121000 25.2962 24
3121100 25.3031 24
3121200 25.0512 24
3121300 24.6076 24
3121400 24.3446 24
3121500 23.9666 24
3121600 23.709 24
3121700 23.3743 24
3121800 23.1188 24
3121900 23.0824 24
3122000 23.4545 24
3122100 23.9514 24
3122200 24.3142 24
3122300 24.8002 24
3122400 25.148 24
3122500 25.3118 24
3122600 25.3306 24
3122700 25.0999 24
3122800 24.6715 24
3122900 24.2289 24
3123000 24.1504 24
3123100 24.168 24
3123200 24.1809 24
3123300 24.3265 24
3123400 24.232 24
3123500 23.8517 24
3123600 23.5849 24
3123700 23.597 24
3123800 23.7574 24
3123900 23.8579 24
3124000 23.8944 24
3124100 24.126 24
3124200 24.4096 24
3124300 24.6705 24
3124400 24.72 24
3124500 24.6936 24
3124600 24.6718 24
3124700 24.8708 24
3124800 24.8995 24
3124900 24.4627 24
3125000 23.8538 24
3125100 23.445 24
3125200 23.2865 24
3125300 23.2169 24
3125400 23.0991 24
3125500 23.0515 24
3125600 23.0866 24
3125700 22.9914 24
3125800 22.902 24
3125900 22.888 24
3126000 23.0243 24
3126100 23.1872 24
3126200 23.5113 24
3126300 23.5928 24
3126400 23.5027 24
3126500 23.3861 24
3126600 23.5383 24
3126700 23.691 24
3126800 23.8816 24
3126900 24.2027 24
3127000 24.4113 24
3127100 24.4098 24
3127200 24.1703 24
3127300 23.8948 24
3127400 23.7695 24
3127500 23.722 24
3127600 23.8682 24
3127700 24.0913 24
3127800 24.4126 24
3127900 24.6691 24
3128000 24.7504 24
3128100 24.7708 24
3128200 24.6673 24
3128300 24.279 24
3128400 23.8183 24
3128500 23.6199 24
3128600 23.5943 24
3128700 23.6697 24
3128800 23.7377 24
3128900 23.6553 24
3129000 23.4978 24
3129100 23.5554 24
3129200 23.6521 24
3129300 23.8077 24
3129400 23.8398 24
3129500 23.8834 24
3129600 23.936 24
3129700 23.9054 24
3129800 23.8957 24
3129900 23.8571 24
3130000 23.9722 24
