# Time-averaged data for fix myat1
# TimeStep v_xave v_xdes
1170100 -11.5477 -8
1170200 -11.4227 -8
1170300 -11.2002 -8
1170400 -10.6171 -8
1170500 -10.3679 -8
1170600 -10.6017 -8
1170700 -11.044 -8
1170800 -11.4232 -8
1170900 -11.6241 -8
1171000 -11.4382 -8
1171100 -10.9449 -8
1171200 -10.4446 -8
1171300 -10.4618 -8
1171400 -10.8209 -8
1171500 -10.9909 -8
1171600 -10.9989 -8
1171700 -10.7772 -8
1171800 -10.6023 -8
1171900 -10.5462 -8
1172000 -10.6325 -8
1172100 -10.6693 -8
1172200 -10.6147 -8
1172300 -10.5646 -8
1172400 -10.8485 -8
1172500 -10.9377 -8
1172600 -10.6724 -8
1172700 -10.5294 -8
1172800 -10.7643 -8
1172900 -11.0657 -8
1173000 -11.227 -8
1173100 -11.3967 -8
1173200 -11.2574 -8
1173300 -10.5401 -8
1173400 -9.92486 -8
1173500 -9.71498 -8
1173600 -10.2084 -8
1173700 -10.8459 -8
1173800 -10.7955 -8
1173900 -10.4691 -8
1174000 -10.5745 -8
1174100 -10.8083 -8
1174200 -10.9189 -8
1174300 -11.0979 -8
1174400 -11.1084 -8
1174500 -10.887 -8
1174600 -10.6601 -8
1174700 -10.7098 -8
1174800 -10.8532 -8
1174900 -10.7784 -8
1175000 -10.6461 -8
1175100 -10.5682 -8
1175200 -10.9192 -8
1175300 -11.1968 -8
1175400 -11.3654 -8
1175500 -11.2267 -8
1175600 -11.0427 -8
1175700 -10.9533 -8
1175800 -11.2093 -8
1175900 -11.4215 -8
1176000 -11.2418 -8
1176100 -10.6902 -8
1176200 -10.3158 -8
1176300 -10.1726 -8
1176400 -10.2275 -8
1176500 -10.3544 -8
1176600 -10.5866 -8
1176700 -10.8977 -8
1176800 -11.1203 -8
1176900 -10.9522 -8
1177000 -10.9288 -8
1177100 -10.8106 -8
1177200 -10.705 -8
1177300 -10.5676 -8
1177400 -10.5696 -8
1177500 -10.9118 -8
1177600 -11.3379 -8
1177700 -11.6793 -8
1177800 -11.6493 -8
1177900 -11.107 -8
1178000 -10.5243 -8
1178100 -10.3281 -8
1178200 -10.5136 -8
1178300 -10.8099 -8
1178400 -10.9185 -8
1178500 -11.0262 -8
1178600 -11.0148 -8
1178700 -11.0053 -8
1178800 -10.7209 -8
1178900 -10.3954 -8
1179000 -10.2155 -8
1179100 -10.3889 -8
1179200 -10.9397 -8
1179300 -11.4351 -8
1179400 -11.3486 -8
1179500 -11.1356 -8
1179600 -11.0899 -8
1179700 -11.2191 -8
1179800 -11.4037 -8
1179900 -11.3278 -8
1180000 -10.6879 -8
1180100 -10.1383 -8
1180200 -10.3746 -8
1180300 -11.3124 -8
1180400 -12.0472 -8
1180500 -12.1194 -8
1180600 -11.7465 -8
1180700 -11.286 -8
1180800 -10.8529 -8
1180900 -10.5407 -8
1181000 -10.3576 -8
1181100 -10.5882 -8
1181200 -10.7271 -8
1181300 -10.6837 -8
1181400 -10.7876 -8
1181500 -10.8908 -8
1181600 -10.9402 -8
1181700 -10.8831 -8
1181800 -10.8677 -8
1181900 -11.0156 -8
1182000 -11.0735 -8
1182100 -10.747 -8
1182200 -10.9269 -8
1182300 -11.3824 -8
1182400 -11.6526 -8
1182500 -11.4046 -8
1182600 -10.7893 -8
1182700 -10.5267 -8
1182800 -10.4627 -8
1182900 -10.4619 -8
1183000 -10.6782 -8
1183100 -11.101 -8
1183200 -11.2755 -8
1183300 -11.3553 -8
1183400 -11.0603 -8
1183500 -10.8111 -8
1183600 -10.7514 -8
1183700 -10.7393 -8
1183800 -10.8295 -8
1183900 -10.7604 -8
1184000 -10.4026 -8
1184100 -9.79542 -8
1184200 -9.85262 -8
1184300 -10.571 -8
1184400 -11.43 -8
1184500 -11.9276 -8
1184600 -11.6986 -8
1184700 -10.8861 -8
1184800 -9.9624 -8
1184900 -9.28777 -8
1185000 -9.05281 -8
1185100 -9.10882 -8
1185200 -9.37035 -8
1185300 -9.82224 -8
1185400 -10.6242 -8
1185500 -11.3262 -8
1185600 -11.6063 -8
1185700 -11.4651 -8
1185800 -11.0891 -8
1185900 -10.5447 -8
1186000 -10.2563 -8
1186100 -10.3285 -8
1186200 -10.4286 -8
1186300 -10.9928 -8
1186400 -11.4432 -8
1186500 -11.4495 -8
1186600 -11.2059 -8
1186700 -11.0305 -8
1186800 -10.9598 -8
1186900 -10.7984 -8
1187000 -10.5528 -8
1187100 -10.5072 -8
1187200 -10.6351 -8
1187300 -10.8129 -8
1187400 -10.8751 -8
1187500 -10.8832 -8
1187600 -10.6622 -8
1187700 -10.6127 -8
1187800 -10.9272 -8
1187900 -11.0278 -8
1188000 -10.914 -8
1188100 -10.9947 -8
1188200 -10.9829 -8
1188300 -10.8985 -8
1188400 -10.6174 -8
1188500 -10.6052 -8
1188600 -10.8374 -8
1188700 -11.1064 -8
1188800 -11.2107 -8
1188900 -10.9872 -8
1189000 -10.9712 -8
1189100 -11.0873 -8
1189200 -11.1782 -8
1189300 -11.0565 -8
1189400 -10.8118 -8
1189500 -10.4918 -8
1189600 -10.1435 -8
1189700 -10.2746 -8
1189800 -10.7269 -8
1189900 -10.9999 -8
1190000 -11.0519 -8
1190100 -10.9841 -8
1190200 -10.9065 -8
1190300 -10.6099 -8
1190400 -10.5852 -8
1190500 -10.9807 -8
1190600 -11.3964 -8
1190700 -11.4834 -8
1190800 -11.0227 -8
1190900 -10.5695 -8
1191000 -10.5493 -8
1191100 -10.5339 -8
1191200 -10.7944 -8
1191300 -10.8835 -8
1191400 -10.6363 -8
1191500 -10.581 -8
1191600 -10.7739 -8
1191700 -10.879 -8
1191800 -10.8727 -8
1191900 -10.7405 -8
1192000 -10.574 -8
1192100 -10.4396 -8
1192200 -10.7377 -8
1192300 -11.153 -8
1192400 -11.0686 -8
1192500 -10.7768 -8
1192600 -10.7292 -8
1192700 -10.4782 -8
1192800 -10.4051 -8
1192900 -10.6405 -8
1193000 -11.199 -8
1193100 -11.7411 -8
1193200 -11.8184 -8
1193300 -11.6061 -8
1193400 -11.0474 -8
1193500 -10.4405 -8
1193600 -10.227 -8
1193700 -10.4718 -8
1193800 -10.7574 -8
1193900 -10.8115 -8
1194000 -10.8836 -8
1194100 -10.6733 -8
1194200 -10.4652 -8
1194300 -10.2113 -8
1194400 -10.2982 -8
1194500 -10.8771 -8
1194600 -11.4197 -8
1194700 -11.767 -8
1194800 -11.6941 -8
1194900 -11.5339 -8
1195000 -11.3405 -8
1195100 -10.9777 -8
1195200 -10.5205 -8
1195300 -10.3258 -8
1195400 -10.5747 -8
1195500 -11.188 -8
1195600 -11.5624 -8
1195700 -11.5766 -8
1195800 -11.618 -8
1195900 -11.3362 -8
1196000 -10.9839 -8
1196100 -10.627 -8
1196200 -10.4365 -8
1196300 -10.6134 -8
1196400 -10.8996 -8
1196500 -10.9927 -8
1196600 -11.0349 -8
1196700 -10.8388 -8
1196800 -10.6526 -8
1196900 -10.5965 -8
1197000 -10.8286 -8
1197100 -11.0021 -8
1197200 -10.7665 -8
1197300 -10.5775 -8
1197400 -10.8452 -8
1197500 -11.2911 -8
1197600 -11.5019 -8
1197700 -11.1784 -8
1197800 -10.8185 -8
1197900 -10.4842 -8
1198000 -10.4269 -8
1198100 -10.8227 -8
1198200 -11.0386 -8
1198300 -11.0408 -8
1198400 -10.8115 -8
1198500 -10.7154 -8
1198600 -10.7112 -8
1198700 -10.717 -8
1198800 -11.0557 -8
1198900 -11.5935 -8
1199000 -11.5909 -8
1199100 -11.1307 -8
1199200 -10.4618 -8
1199300 -10.0101 -8
1199400 -10.2351 -8
1199500 -10.8365 -8
1199600 -11.378 -8
1199700 -11.7626 -8
1199800 -11.57 -8
1199900 -11.0881 -8
1200000 -10.6991 -8
1200100 -10.7108 -8
1200200 -10.8728 -8
1200300 -11.1967 -8
1200400 -11.4089 -8
1200500 -11.1013 -8
1200600 -10.7705 -8
1200700 -10.5206 -8
1200800 -10.5754 -8
1200900 -10.6035 -8
1201000 -10.6534 -8
1201100 -10.8646 -8
1201200 -10.8999 -8
1201300 -10.579 -8
1201400 -10.5968 -8
1201500 -10.5787 -8
1201600 -10.4382 -8
1201700 -10.1891 -8
1201800 -10.1396 -8
1201900 -10.4568 -8
1202000 -11.1009 -8
1202100 -11.4843 -8
1202200 -11.5052 -8
1202300 -11.2695 -8
1202400 -11.0081 -8
1202500 -10.7818 -8
1202600 -10.505 -8
1202700 -10.4526 -8
1202800 -10.3433 -8
1202900 -10.3396 -8
1203000 -10.3865 -8
1203100 -10.4224 -8
1203200 -10.5103 -8
1203300 -10.6991 -8
1203400 -10.7903 -8
1203500 -10.6173 -8
1203600 -10.5873 -8
1203700 -10.7562 -8
1203800 -10.9947 -8
1203900 -11.1391 -8
1204000 -11.0297 -8
1204100 -10.5771 -8
1204200 -10.2855 -8
1204300 -10.6853 -8
1204400 -11.2934 -8
1204500 -11.3528 -8
1204600 -10.9956 -8
1204700 -10.6141 -8
1204800 -10.69 -8
1204900 -10.8128 -8
1205000 -10.7682 -8
1205100 -10.5903 -8
1205200 -10.3558 -8
1205300 -10.7636 -8
1205400 -11.4455 -8
1205500 -11.6282 -8
1205600 -11.4128 -8
1205700 -11.2828 -8
1205800 -10.9317 -8
1205900 -10.8537 -8
1206000 -10.7934 -8
1206100 -10.7796 -8
1206200 -10.8045 -8
1206300 -10.9488 -8
1206400 -11.05 -8
1206500 -11.0611 -8
1206600 -10.9542 -8
1206700 -10.9909 -8
1206800 -10.9739 -8
1206900 -10.6384 -8
1207000 -10.5679 -8
1207100 -10.6952 -8
1207200 -10.7174 -8
1207300 -10.6219 -8
1207400 -10.5188 -8
1207500 -10.3389 -8
1207600 -10.6059 -8
1207700 -11.0441 -8
1207800 -11.2338 -8
1207900 -11.0492 -8
1208000 -10.7644 -8
1208100 -10.5949 -8
1208200 -10.7628 -8
1208300 -10.8342 -8
1208400 -10.9975 -8
1208500 -11.1113 -8
1208600 -10.8523 -8
1208700 -10.4368 -8
1208800 -10.5591 -8
1208900 -10.9479 -8
1209000 -11.1458 -8
1209100 -10.8872 -8
1209200 -10.5378 -8
1209300 -10.6221 -8
1209400 -10.8176 -8
1209500 -11.0389 -8
1209600 -11.3045 -8
1209700 -11.2906 -8
1209800 -11.2815 -8
1209900 -11.1366 -8
1210000 -10.9256 -8
1210100 -10.6286 -8
1210200 -10.3178 -8
1210300 -10.2378 -8
1210400 -10.4033 -8
1210500 -10.7201 -8
1210600 -11.1421 -8
1210700 -11.4034 -8
1210800 -11.3285 -8
1210900 -10.9975 -8
1211000 -10.8273 -8
1211100 -10.9664 -8
1211200 -11.0898 -8
1211300 -10.9046 -8
1211400 -10.8764 -8
1211500 -10.9097 -8
1211600 -10.7854 -8
1211700 -10.5399 -8
1211800 -10.7143 -8
1211900 -11.0811 -8
1212000 -10.9331 -8
1212100 -10.7734 -8
1212200 -10.8455 -8
1212300 -10.9913 -8
1212400 -11.0175 -8
1212500 -11.1439 -8
1212600 -11.0713 -8
1212700 -10.6662 -8
1212800 -10.3343 -8
1212900 -10.4118 -8
1213000 -10.6396 -8
1213100 -11.0594 -8
1213200 -11.2677 -8
1213300 -11.3831 -8
1213400 -11.2242 -8
1213500 -10.7784 -8
1213600 -10.535 -8
1213700 -10.69 -8
1213800 -10.9303 -8
1213900 -11.154 -8
1214000 -11.5421 -8
1214100 -11.748 -8
1214200 -11.7166 -8
1214300 -11.4208 -8
1214400 -11.0517 -8
1214500 -10.7069 -8
1214600 -10.7048 -8
1214700 -10.7328 -8
1214800 -10.9445 -8
1214900 -10.8059 -8
1215000 -10.5977 -8
1215100 -10.3821 -8
1215200 -10.3398 -8
1215300 -10.3932 -8
1215400 -10.766 -8
1215500 -11.1274 -8
1215600 -11.3868 -8
1215700 -11.4107 -8
1215800 -11.2304 -8
1215900 -11.1708 -8
1216000 -11.1042 -8
1216100 -11.0742 -8
1216200 -10.9645 -8
1216300 -10.6952 -8
1216400 -10.564 -8
1216500 -10.5371 -8
1216600 -10.5975 -8
1216700 -10.7846 -8
1216800 -10.9114 -8
1216900 -10.9106 -8
1217000 -10.6206 -8
1217100 -10.2398 -8
1217200 -10.3731 -8
1217300 -10.6679 -8
1217400 -10.9104 -8
1217500 -10.959 -8
1217600 -11.1449 -8
1217700 -11.1792 -8
1217800 -11.0547 -8
1217900 -10.6955 -8
1218000 -10.6762 -8
1218100 -10.5901 -8
1218200 -10.6291 -8
1218300 -10.9133 -8
1218400 -11.2645 -8
1218500 -11.2113 -8
1218600 -11.1771 -8
1218700 -11.249 -8
1218800 -11.0929 -8
1218900 -10.8726 -8
1219000 -10.7434 -8
1219100 -10.8319 -8
1219200 -10.6836 -8
1219300 -10.3875 -8
1219400 -10.0341 -8
1219500 -10.1717 -8
1219600 -10.6866 -8
1219700 -11.2011 -8
1219800 -11.3665 -8
1219900 -11.1621 -8
1220000 -10.7174 -8
1220100 -10.4807 -8
1220200 -10.464 -8
1220300 -10.8469 -8
1220400 -11.2477 -8
1220500 -11.2806 -8
1220600 -10.8039 -8
1220700 -10.5026 -8
1220800 -10.452 -8
1220900 -10.6537 -8
1221000 -10.9793 -8
1221100 -11.1998 -8
1221200 -11.1711 -8
1221300 -11.1383 -8
1221400 -10.9506 -8
1221500 -10.6595 -8
1221600 -10.7809 -8
1221700 -10.7948 -8
1221800 -10.6372 -8
1221900 -10.5006 -8
1222000 -10.5945 -8
1222100 -10.5516 -8
1222200 -10.3839 -8
1222300 -10.7096 -8
1222400 -11.1993 -8
1222500 -11.2614 -8
1222600 -10.9027 -8
1222700 -10.5514 -8
1222800 -10.2782 -8
1222900 -10.3504 -8
1223000 -10.6862 -8
1223100 -10.8705 -8
1223200 -11.117 -8
1223300 -11.1212 -8
1223400 -11.2195 -8
1223500 -11.1094 -8
1223600 -10.979 -8
1223700 -10.8214 -8
1223800 -10.6998 -8
1223900 -10.6581 -8
1224000 -10.749 -8
1224100 -10.8025 -8
1224200 -10.9649 -8
1224300 -11.0595 -8
1224400 -11.0891 -8
1224500 -10.8933 -8
1224600 -10.7453 -8
1224700 -10.6115 -8
1224800 -10.667 -8
1224900 -10.7999 -8
1225000 -10.9713 -8
1225100 -10.8519 -8
1225200 -10.7403 -8
1225300 -10.8776 -8
1225400 -10.7477 -8
1225500 -10.809 -8
1225600 -10.8957 -8
1225700 -10.8593 -8
1225800 -10.8626 -8
1225900 -10.8926 -8
1226000 -11.0974 -8
1226100 -11.11 -8
1226200 -10.9447 -8
1226300 -10.5771 -8
1226400 -10.4133 -8
1226500 -10.3278 -8
1226600 -10.7319 -8
1226700 -11.0296 -8
1226800 -11.3441 -8
1226900 -11.6367 -8
1227000 -11.6844 -8
1227100 -11.5906 -8
1227200 -11.2849 -8
1227300 -10.8911 -8
1227400 -10.8081 -8
1227500 -10.7232 -8
1227600 -10.5993 -8
1227700 -10.6227 -8
1227800 -10.8279 -8
1227900 -11.0605 -8
1228000 -11.3521 -8
1228100 -11.3134 -8
1228200 -10.9638 -8
1228300 -10.7294 -8
1228400 -10.9277 -8
1228500 -10.8731 -8
1228600 -10.6958 -8
1228700 -10.598 -8
1228800 -10.7076 -8
1228900 -11.1478 -8
1229000 -11.5001 -8
1229100 -11.563 -8
1229200 -11.263 -8
1229300 -10.8286 -8
1229400 -10.4586 -8
1229500 -10.5531 -8
1229600 -10.6886 -8
1229700 -10.7491 -8
1229800 -11.0027 -8
1229900 -11.2587 -8
1230000 -11.3257 -8
1230100 -11.1878 -8
1230200 -10.8481 -8
1230300 -10.7697 -8
1230400 -10.8312 -8
1230500 -10.9277 -8
1230600 -10.6799 -8
1230700 -10.6973 -8
1230800 -10.9074 -8
1230900 -10.9575 -8
1231000 -10.7287 -8
1231100 -10.7183 -8
1231200 -10.9282 -8
1231300 -11.0157 -8
1231400 -10.8465 -8
1231500 -10.8759 -8
1231600 -10.9529 -8
1231700 -10.9205 -8
1231800 -10.8557 -8
1231900 -10.6749 -8
1232000 -10.6375 -8
1232100 -10.7769 -8
1232200 -11.0437 -8
1232300 -11.2184 -8
1232400 -11.3153 -8
1232500 -11.2945 -8
1232600 -10.8146 -8
1232700 -10.3176 -8
1232800 -10.217 -8
1232900 -10.3929 -8
1233000 -10.6381 -8
1233100 -11.0021 -8
1233200 -11.1655 -8
1233300 -11.1157 -8
1233400 -10.788 -8
1233500 -10.2161 -8
1233600 -10.2356 -8
1233700 -10.6821 -8
1233800 -11.1426 -8
1233900 -11.5087 -8
1234000 -11.5219 -8
1234100 -11.1145 -8
1234200 -10.9655 -8
1234300 -10.6912 -8
1234400 -10.6103 -8
1234500 -10.7848 -8
1234600 -10.8094 -8
1234700 -10.8776 -8
1234800 -11.069 -8
1234900 -11.0445 -8
1235000 -10.948 -8
1235100 -10.8953 -8
1235200 -10.9357 -8
1235300 -10.7425 -8
1235400 -10.5795 -8
1235500 -10.8257 -8
1235600 -11.1842 -8
1235700 -11.5904 -8
1235800 -11.7205 -8
1235900 -11.4521 -8
1236000 -10.8595 -8
1236100 -10.3023 -8
1236200 -10.5374 -8
1236300 -11.0322 -8
1236400 -11.2813 -8
1236500 -10.9548 -8
1236600 -10.5843 -8
1236700 -10.4769 -8
1236800 -10.6332 -8
1236900 -10.8824 -8
1237000 -10.7008 -8
1237100 -10.711 -8
1237200 -10.7521 -8
1237300 -10.85 -8
1237400 -11.0093 -8
1237500 -11.0983 -8
1237600 -11.2019 -8
1237700 -11.4314 -8
1237800 -11.3963 -8
1237900 -11.0988 -8
1238000 -11.1246 -8
1238100 -11.077 -8
1238200 -10.8881 -8
1238300 -10.5795 -8
1238400 -10.5557 -8
1238500 -10.8242 -8
1238600 -11.0842 -8
1238700 -11.1328 -8
1238800 -11.1583 -8
1238900 -11.1588 -8
1239000 -11.1017 -8
1239100 -10.8405 -8
1239200 -10.6048 -8
1239300 -10.7116 -8
1239400 -11.0911 -8
1239500 -11.1595 -8
1239600 -10.9046 -8
1239700 -10.5546 -8
1239800 -10.6443 -8
1239900 -11.0434 -8
1240000 -11.2569 -8
1240100 -11.1939 -8
1240200 -10.9319 -8
1240300 -10.764 -8
1240400 -10.8776 -8
1240500 -11.012 -8
1240600 -10.6164 -8
1240700 -10.3565 -8
1240800 -10.5165 -8
1240900 -10.978 -8
1241000 -11.3054 -8
1241100 -11.4608 -8
1241200 -11.206 -8
1241300 -10.8198 -8
1241400 -10.5855 -8
1241500 -10.6251 -8
1241600 -10.9191 -8
1241700 -11.1562 -8
1241800 -11.2858 -8
1241900 -11.0492 -8
1242000 -10.651 -8
1242100 -10.5724 -8
1242200 -10.7251 -8
1242300 -10.7328 -8
1242400 -10.5702 -8
1242500 -10.6502 -8
1242600 -10.8804 -8
1242700 -11.105 -8
1242800 -11.2858 -8
1242900 -11.3402 -8
1243000 -11.2558 -8
1243100 -10.7701 -8
1243200 -10.1277 -8
1243300 -10.0529 -8
1243400 -10.5033 -8
1243500 -11.3317 -8
1243600 -12.0179 -8
1243700 -12.1927 -8
1243800 -11.7646 -8
1243900 -10.9969 -8
1244000 -10.3725 -8
1244100 -10.5195 -8
1244200 -10.846 -8
1244300 -11.0191 -8
1244400 -11.4227 -8
1244500 -11.3409 -8
1244600 -10.7513 -8
1244700 -10.3672 -8
1244800 -10.6695 -8
1244900 -10.8956 -8
1245000 -10.667 -8
1245100 -10.5561 -8
1245200 -10.8228 -8
1245300 -10.97 -8
1245400 -10.8253 -8
1245500 -10.543 -8
1245600 -10.3675 -8
1245700 -10.7267 -8
1245800 -11.0431 -8
1245900 -11.0359 -8
1246000 -10.7549 -8
1246100 -10.3542 -8
1246200 -10.2018 -8
1246300 -10.4133 -8
1246400 -10.9 -8
1246500 -11.1185 -8
1246600 -10.7387 -8
1246700 -10.1621 -8
1246800 -9.78607 -8
1246900 -9.77344 -8
1247000 -10.1879 -8
1247100 -10.7853 -8
1247200 -11.3191 -8
1247300 -11.6203 -8
1247400 -11.3134 -8
1247500 -10.9187 -8
1247600 -10.668 -8
1247700 -10.6951 -8
1247800 -10.8875 -8
1247900 -10.9719 -8
1248000 -10.9216 -8
1248100 -10.8075 -8
1248200 -10.4067 -8
1248300 -10.3502 -8
1248400 -10.7025 -8
1248500 -10.849 -8
1248600 -10.6342 -8
1248700 -10.8535 -8
1248800 -11.1751 -8
1248900 -11.3032 -8
1249000 -11.2907 -8
1249100 -11.1014 -8
1249200 -10.8354 -8
1249300 -10.7099 -8
1249400 -10.8611 -8
1249500 -10.8809 -8
1249600 -10.6904 -8
1249700 -10.7189 -8
1249800 -10.7696 -8
1249900 -10.8459 -8
1250000 -10.9902 -8
1250100 -10.9106 -8
1250200 -10.7282 -8
1250300 -10.8187 -8
1250400 -10.7935 -8
1250500 -10.7404 -8
1250600 -10.9716 -8
1250700 -11.1804 -8
1250800 -11.31 -8
1250900 -11.1607 -8
1251000 -11.1171 -8
1251100 -11.0851 -8
1251200 -10.9465 -8
1251300 -10.8896 -8
1251400 -11.1528 -8
1251500 -11.2918 -8
1251600 -10.907 -8
1251700 -10.508 -8
1251800 -10.6601 -8
1251900 -10.8629 -8
1252000 -10.949 -8
1252100 -10.7194 -8
1252200 -10.438 -8
1252300 -10.3442 -8
1252400 -10.4892 -8
1252500 -11.0651 -8
1252600 -11.434 -8
1252700 -11.6233 -8
1252800 -11.6396 -8
1252900 -11.5162 -8
1253000 -11.2062 -8
1253100 -10.9892 -8
1253200 -10.7114 -8
1253300 -10.5749 -8
1253400 -10.5276 -8
1253500 -10.6204 -8
1253600 -10.7401 -8
1253700 -11.227 -8
1253800 -11.6276 -8
1253900 -11.5069 -8
1254000 -10.8727 -8
1254100 -10.4783 -8
1254200 -10.5706 -8
1254300 -10.7609 -8
1254400 -10.8432 -8
1254500 -10.8955 -8
1254600 -10.9539 -8
1254700 -11.1024 -8
1254800 -11.3301 -8
1254900 -11.2295 -8
1255000 -10.8633 -8
1255100 -10.4191 -8
1255200 -9.99482 -8
1255300 -10.1911 -8
1255400 -10.649 -8
1255500 -10.9325 -8
1255600 -10.9079 -8
1255700 -10.5676 -8
1255800 -10.3277 -8
1255900 -10.5705 -8
1256000 -11.2071 -8
1256100 -11.5994 -8
1256200 -11.6898 -8
1256300 -11.3226 -8
1256400 -10.811 -8
1256500 -10.6448 -8
1256600 -10.9083 -8
1256700 -11.1458 -8
1256800 -10.9984 -8
1256900 -10.8415 -8
1257000 -10.5553 -8
1257100 -10.2567 -8
1257200 -10.3534 -8
1257300 -10.6803 -8
1257400 -11.2892 -8
1257500 -11.6304 -8
1257600 -11.5254 -8
1257700 -11.0066 -8
1257800 -10.698 -8
1257900 -10.9239 -8
1258000 -11.1146 -8
1258100 -11.0777 -8
1258200 -10.4509 -8
1258300 -10.325 -8
1258400 -10.6344 -8
1258500 -11.0315 -8
1258600 -11.0547 -8
1258700 -10.8292 -8
1258800 -10.7301 -8
1258900 -10.5148 -8
1259000 -10.4221 -8
1259100 -10.4968 -8
1259200 -10.7964 -8
1259300 -11.0914 -8
1259400 -11.1953 -8
1259500 -11.1076 -8
1259600 -10.8922 -8
1259700 -10.4965 -8
1259800 -10.2317 -8
1259900 -10.1309 -8
1260000 -10.557 -8
1260100 -11.1652 -8
1260200 -11.3358 -8
1260300 -11.2024 -8
1260400 -10.8316 -8
1260500 -10.3804 -8
1260600 -10.1495 -8
1260700 -10.4023 -8
1260800 -10.7819 -8
1260900 -11.3188 -8
1261000 -11.53 -8
1261100 -11.1957 -8
1261200 -10.6877 -8
1261300 -10.4775 -8
1261400 -10.4584 -8
1261500 -10.6691 -8
1261600 -10.7812 -8
1261700 -10.8425 -8
1261800 -10.8514 -8
1261900 -10.9407 -8
1262000 -11.178 -8
1262100 -11.135 -8
1262200 -10.8614 -8
1262300 -10.7013 -8
1262400 -10.6433 -8
1262500 -10.5058 -8
1262600 -10.444 -8
1262700 -10.5426 -8
1262800 -10.8134 -8
1262900 -11.1619 -8
1263000 -11.2982 -8
1263100 -11.3289 -8
1263200 -10.8878 -8
1263300 -10.4463 -8
1263400 -10.0647 -8
1263500 -10.3114 -8
1263600 -10.8296 -8
1263700 -11.319 -8
1263800 -11.2657 -8
1263900 -10.7074 -8
1264000 -10.1295 -8
1264100 -10.1174 -8
1264200 -10.6775 -8
1264300 -11.248 -8
1264400 -11.513 -8
1264500 -11.4378 -8
1264600 -10.9509 -8
1264700 -10.5247 -8
1264800 -10.5059 -8
1264900 -10.5498 -8
1265000 -10.6406 -8
1265100 -10.665 -8
1265200 -10.7727 -8
1265300 -10.7917 -8
1265400 -10.7246 -8
1265500 -10.6574 -8
1265600 -10.7589 -8
1265700 -10.9316 -8
1265800 -11.0259 -8
1265900 -11.2683 -8
1266000 -11.0769 -8
1266100 -10.6016 -8
1266200 -10.1917 -8
1266300 -9.76656 -8
1266400 -9.70607 -8
1266500 -9.86781 -8
1266600 -10.3115 -8
1266700 -11.0812 -8
1266800 -11.851 -8
1266900 -11.7452 -8
1267000 -11.3095 -8
1267100 -10.6401 -8
1267200 -10.1672 -8
1267300 -10.2451 -8
1267400 -10.5918 -8
1267500 -11.16 -8
1267600 -11.3813 -8
1267700 -11.344 -8
1267800 -11.1174 -8
1267900 -10.7923 -8
1268000 -10.5809 -8
1268100 -10.4023 -8
1268200 -10.3828 -8
1268300 -10.5912 -8
1268400 -10.8294 -8
1268500 -11.043 -8
1268600 -11.1918 -8
1268700 -11.1868 -8
1268800 -10.9126 -8
1268900 -10.9219 -8
1269000 -11.0213 -8
1269100 -11.0343 -8
1269200 -10.9118 -8
1269300 -10.8903 -8
1269400 -10.9849 -8
1269500 -10.9393 -8
1269600 -10.9718 -8
1269700 -11.0617 -8
1269800 -10.6229 -8
1269900 -10.0585 -8
1270000 -10.0991 -8
1270100 -10.6914 -8
1270200 -11.1152 -8
1270300 -11.2655 -8
1270400 -11.2739 -8
1270500 -11.3161 -8
1270600 -11.0833 -8
1270700 -10.8878 -8
1270800 -10.849 -8
1270900 -11.0264 -8
1271000 -11.1385 -8
1271100 -10.9144 -8
1271200 -10.5686 -8
1271300 -10.7213 -8
1271400 -11.0489 -8
1271500 -11.2691 -8
1271600 -11.2427 -8
1271700 -11.0815 -8
1271800 -10.5242 -8
1271900 -10.0848 -8
1272000 -10.306 -8
1272100 -11.0268 -8
1272200 -11.6495 -8
1272300 -11.6763 -8
1272400 -11.2193 -8
1272500 -10.5024 -8
1272600 -10.4958 -8
1272700 -10.842 -8
1272800 -11.1352 -8
1272900 -11.3131 -8
1273000 -11.2502 -8
1273100 -11.2749 -8
1273200 -11.0574 -8
1273300 -10.6412 -8
1273400 -10.5176 -8
1273500 -10.2686 -8
1273600 -10.1611 -8
1273700 -10.7038 -8
1273800 -10.9984 -8
1273900 -11.1881 -8
1274000 -11.2901 -8
1274100 -11.1483 -8
1274200 -10.9049 -8
1274300 -10.6873 -8
1274400 -10.5428 -8
1274500 -10.7935 -8
1274600 -11.2006 -8
1274700 -11.4215 -8
1274800 -11.3066 -8
1274900 -11.0098 -8
1275000 -10.4445 -8
1275100 -10.0081 -8
1275200 -10.102 -8
1275300 -10.9358 -8
1275400 -11.707 -8
1275500 -11.9952 -8
1275600 -11.6921 -8
1275700 -11.0892 -8
1275800 -10.6361 -8
1275900 -10.7374 -8
1276000 -10.9304 -8
1276100 -10.9383 -8
1276200 -10.8318 -8
1276300 -10.6423 -8
1276400 -10.5688 -8
1276500 -10.7944 -8
1276600 -11.1268 -8
1276700 -11.2128 -8
1276800 -11.1411 -8
1276900 -11.0119 -8
1277000 -10.922 -8
1277100 -10.7124 -8
1277200 -10.6212 -8
1277300 -10.5244 -8
1277400 -10.5274 -8
1277500 -10.4448 -8
1277600 -10.2526 -8
1277700 -10.5001 -8
1277800 -11.1194 -8
1277900 -11.723 -8
1278000 -11.8663 -8
1278100 -11.5669 -8
1278200 -10.7242 -8
1278300 -9.90354 -8
1278400 -9.63391 -8
1278500 -9.9029 -8
1278600 -10.6199 -8
1278700 -11.1078 -8
1278800 -11.4814 -8
1278900 -11.4548 -8
1279000 -10.8966 -8
1279100 -10.3636 -8
1279200 -10.0673 -8
1279300 -9.69465 -8
1279400 -9.84802 -8
1279500 -10.6504 -8
1279600 -11.4963 -8
1279700 -11.9242 -8
1279800 -11.7062 -8
1279900 -11.1593 -8
1280000 -10.6241 -8
1280100 -10.3898 -8
1280200 -10.3295 -8
1280300 -10.5113 -8
1280400 -10.993 -8
1280500 -11.3769 -8
1280600 -11.3021 -8
1280700 -11.0411 -8
1280800 -10.7325 -8
1280900 -10.619 -8
1281000 -10.7399 -8
1281100 -10.9712 -8
1281200 -11.2427 -8
1281300 -11.4809 -8
1281400 -11.5267 -8
1281500 -11.057 -8
1281600 -10.3694 -8
1281700 -10.0753 -8
1281800 -10.4333 -8
1281900 -11.0768 -8
1282000 -11.4803 -8
1282100 -11.38 -8
1282200 -10.8749 -8
1282300 -10.5696 -8
1282400 -10.5773 -8
1282500 -10.8943 -8
1282600 -11.3511 -8
1282700 -11.4651 -8
1282800 -11.1791 -8
1282900 -10.6495 -8
1283000 -10.6458 -8
1283100 -10.9884 -8
1283200 -11.1654 -8
1283300 -11.135 -8
1283400 -10.8018 -8
1283500 -10.7624 -8
1283600 -10.9513 -8
1283700 -11.0754 -8
1283800 -11.179 -8
1283900 -11.021 -8
1284000 -10.7585 -8
1284100 -10.4741 -8
1284200 -10.5185 -8
1284300 -11.0186 -8
1284400 -11.3642 -8
1284500 -11.3051 -8
1284600 -10.9656 -8
1284700 -10.8176 -8
1284800 -10.928 -8
1284900 -10.8593 -8
1285000 -10.7125 -8
1285100 -10.7239 -8
1285200 -10.8071 -8
1285300 -10.7513 -8
1285400 -10.6635 -8
1285500 -10.5113 -8
1285600 -10.3342 -8
1285700 -10.5663 -8
1285800 -10.9243 -8
1285900 -11.0801 -8
1286000 -10.9441 -8
1286100 -10.867 -8
1286200 -10.9508 -8
1286300 -10.7977 -8
1286400 -10.7665 -8
1286500 -10.713 -8
1286600 -10.6678 -8
1286700 -10.7605 -8
1286800 -10.8979 -8
1286900 -10.771 -8
1287000 -10.6196 -8
1287100 -10.7704 -8
1287200 -10.6979 -8
1287300 -10.598 -8
1287400 -10.5697 -8
1287500 -10.5697 -8
1287600 -10.7219 -8
1287700 -10.9994 -8
1287800 -11.1128 -8
1287900 -11.0075 -8
1288000 -10.9699 -8
1288100 -10.8105 -8
1288200 -10.793 -8
1288300 -11.0426 -8
1288400 -11.0928 -8
1288500 -11.011 -8
1288600 -10.9338 -8
1288700 -11.0081 -8
1288800 -11.0038 -8
1288900 -10.8397 -8
1289000 -10.7048 -8
1289100 -10.7759 -8
1289200 -10.8795 -8
1289300 -10.7226 -8
1289400 -10.7102 -8
1289500 -11.0667 -8
1289600 -11.3764 -8
1289700 -11.0869 -8
1289800 -10.7916 -8
1289900 -10.679 -8
1290000 -10.7334 -8
1290100 -10.5554 -8
1290200 -10.5071 -8
1290300 -10.5158 -8
1290400 -10.7105 -8
1290500 -10.8268 -8
1290600 -10.8782 -8
1290700 -10.9528 -8
1290800 -10.9801 -8
1290900 -10.9177 -8
1291000 -10.7496 -8
1291100 -10.6411 -8
1291200 -10.7608 -8
1291300 -10.9412 -8
1291400 -11.0311 -8
1291500 -10.9779 -8
1291600 -11.0679 -8
1291700 -11.0958 -8
1291800 -10.9911 -8
1291900 -10.8645 -8
1292000 -10.6289 -8
1292100 -10.5876 -8
1292200 -10.4592 -8
1292300 -10.5036 -8
1292400 -10.8769 -8
1292500 -11.149 -8
1292600 -11.0552 -8
1292700 -10.6768 -8
1292800 -10.6014 -8
1292900 -10.7456 -8
1293000 -10.9671 -8
1293100 -10.9659 -8
1293200 -10.7692 -8
1293300 -10.8053 -8
1293400 -10.904 -8
1293500 -11.0914 -8
1293600 -11.2508 -8
1293700 -11.2481 -8
1293800 -10.9207 -8
1293900 -10.685 -8
1294000 -10.5619 -8
1294100 -10.6699 -8
1294200 -10.8483 -8
1294300 -10.9166 -8
1294400 -10.9846 -8
1294500 -11.1451 -8
1294600 -11.3389 -8
1294700 -11.3318 -8
1294800 -11.5262 -8
1294900 -11.7353 -8
1295000 -11.5946 -8
1295100 -11.2789 -8
1295200 -10.7845 -8
1295300 -10.4967 -8
1295400 -10.7017 -8
1295500 -10.9401 -8
1295600 -10.8293 -8
1295700 -10.5626 -8
1295800 -10.6915 -8
1295900 -10.9453 -8
1296000 -11.2546 -8
1296100 -11.2155 -8
1296200 -10.8239 -8
1296300 -10.4597 -8
1296400 -10.539 -8
1296500 -10.8642 -8
1296600 -10.8712 -8
1296700 -10.5545 -8
1296800 -10.264 -8
1296900 -10.6141 -8
1297000 -11.1893 -8
1297100 -11.4075 -8
1297200 -11.1155 -8
1297300 -10.7451 -8
1297400 -10.4323 -8
1297500 -10.2288 -8
1297600 -10.2281 -8
1297700 -10.4267 -8
1297800 -10.6994 -8
1297900 -10.6799 -8
1298000 -10.6895 -8
1298100 -10.9387 -8
1298200 -11.1522 -8
1298300 -11.5142 -8
1298400 -11.656 -8
1298500 -11.3656 -8
1298600 -10.7377 -8
1298700 -10.1133 -8
1298800 -10.001 -8
1298900 -10.4687 -8
1299000 -11.2782 -8
1299100 -11.6804 -8
1299200 -11.71 -8
1299300 -11.35 -8
1299400 -10.9363 -8
1299500 -10.8138 -8
1299600 -10.6242 -8
1299700 -10.5886 -8
1299800 -10.9253 -8
1299900 -10.9429 -8
1300000 -10.97 -8
1300100 -10.8876 -8
1300200 -10.6674 -8
1300300 -10.5686 -8
1300400 -10.5961 -8
1300500 -10.7401 -8
1300600 -10.742 -8
1300700 -10.7672 -8
1300800 -10.8885 -8
1300900 -11.3035 -8
1301000 -11.506 -8
1301100 -11.0145 -8
1301200 -10.349 -8
1301300 -10.31 -8
1301400 -10.6102 -8
1301500 -10.7818 -8
1301600 -10.8818 -8
1301700 -10.8559 -8
1301800 -10.7762 -8
1301900 -10.6594 -8
1302000 -10.592 -8
1302100 -10.6011 -8
1302200 -10.9171 -8
1302300 -11.5114 -8
1302400 -11.8963 -8
1302500 -11.5979 -8
1302600 -10.9854 -8
1302700 -10.1995 -8
1302800 -9.74023 -8
1302900 -9.73019 -8
1303000 -10.101 -8
1303100 -10.7567 -8
1303200 -11.1814 -8
1303300 -11.3731 -8
1303400 -11.4681 -8
1303500 -11.2997 -8
1303600 -10.9148 -8
1303700 -10.3381 -8
1303800 -9.91475 -8
1303900 -9.7229 -8
1304000 -9.89961 -8
1304100 -10.3583 -8
1304200 -11.1117 -8
1304300 -11.3858 -8
1304400 -11.1228 -8
1304500 -10.8563 -8
1304600 -10.771 -8
1304700 -11.0091 -8
1304800 -11.5583 -8
1304900 -11.5867 -8
1305000 -11.3386 -8
1305100 -10.9327 -8
1305200 -10.5255 -8
1305300 -10.2824 -8
1305400 -10.3813 -8
1305500 -10.6852 -8
1305600 -10.7788 -8
1305700 -10.5208 -8
1305800 -10.5474 -8
1305900 -10.7762 -8
1306000 -10.9765 -8
1306100 -11.0526 -8
1306200 -10.8803 -8
1306300 -10.6357 -8
1306400 -10.4817 -8
1306500 -10.6771 -8
1306600 -10.7856 -8
1306700 -10.7608 -8
1306800 -10.596 -8
1306900 -10.4641 -8
1307000 -10.6909 -8
1307100 -11.2008 -8
1307200 -11.4461 -8
1307300 -11.3984 -8
1307400 -11.38 -8
1307500 -11.5568 -8
1307600 -11.451 -8
1307700 -11.1063 -8
1307800 -10.6683 -8
1307900 -10.1595 -8
1308000 -10.2286 -8
1308100 -10.5892 -8
1308200 -10.8094 -8
1308300 -10.9853 -8
1308400 -11.1485 -8
1308500 -11.0784 -8
1308600 -10.9732 -8
1308700 -10.9014 -8
1308800 -11.104 -8
1308900 -11.3745 -8
1309000 -11.6348 -8
1309100 -11.2576 -8
1309200 -10.473 -8
1309300 -10.0081 -8
1309400 -10.1 -8
1309500 -10.4901 -8
1309600 -10.8856 -8
1309700 -11.0758 -8
1309800 -11.1016 -8
1309900 -10.9078 -8
1310000 -10.6338 -8
1310100 -10.5205 -8
1310200 -10.4486 -8
1310300 -10.5156 -8
1310400 -10.8283 -8
1310500 -11.1942 -8
1310600 -11.2376 -8
1310700 -11.3812 -8
1310800 -11.4048 -8
1310900 -11.3938 -8
1311000 -11.3049 -8
1311100 -11.0585 -8
1311200 -10.7912 -8
1311300 -10.6731 -8
1311400 -10.6899 -8
1311500 -10.8286 -8
1311600 -11.2302 -8
1311700 -11.4478 -8
1311800 -11.2894 -8
1311900 -10.8955 -8
1312000 -10.7192 -8
1312100 -10.6908 -8
1312200 -10.8258 -8
1312300 -11.045 -8
1312400 -11.2407 -8
1312500 -11.2285 -8
1312600 -10.9335 -8
1312700 -10.8471 -8
1312800 -10.8176 -8
1312900 -10.6505 -8
1313000 -10.4847 -8
1313100 -10.4257 -8
1313200 -10.4299 -8
1313300 -10.8357 -8
1313400 -11.1326 -8
1313500 -11.1829 -8
1313600 -11.1404 -8
1313700 -11.1242 -8
1313800 -10.7285 -8
1313900 -10.543 -8
1314000 -10.6339 -8
1314100 -10.8017 -8
1314200 -11.1304 -8
1314300 -11.2955 -8
1314400 -11.4462 -8
1314500 -11.4624 -8
1314600 -11.1651 -8
1314700 -10.7689 -8
1314800 -10.5691 -8
1314900 -10.4704 -8
1315000 -10.8339 -8
1315100 -11.1281 -8
1315200 -10.9487 -8
1315300 -10.7481 -8
1315400 -10.759 -8
1315500 -10.9965 -8
1315600 -11.1276 -8
1315700 -10.7381 -8
1315800 -10.2681 -8
1315900 -10.2956 -8
1316000 -10.6766 -8
1316100 -11.2091 -8
1316200 -11.3793 -8
1316300 -11.4036 -8
1316400 -11.2582 -8
1316500 -11.0146 -8
1316600 -10.7395 -8
1316700 -10.6267 -8
1316800 -10.7766 -8
1316900 -10.9631 -8
1317000 -10.9967 -8
1317100 -10.7192 -8
1317200 -10.5922 -8
1317300 -10.7068 -8
1317400 -10.8685 -8
1317500 -10.9642 -8
1317600 -11.2758 -8
1317700 -11.4376 -8
1317800 -11.299 -8
1317900 -11.1551 -8
1318000 -11.0161 -8
1318100 -11.0825 -8
1318200 -11.162 -8
1318300 -10.9478 -8
1318400 -10.9314 -8
1318500 -11.0618 -8
1318600 -11.2014 -8
1318700 -11.1537 -8
1318800 -10.933 -8
1318900 -10.6473 -8
1319000 -10.3504 -8
1319100 -10.5166 -8
1319200 -10.8653 -8
1319300 -10.9104 -8
1319400 -10.695 -8
1319500 -10.4509 -8
1319600 -10.5166 -8
1319700 -10.711 -8
1319800 -10.7401 -8
1319900 -10.335 -8
1320000 -10.5418 -8
1320100 -10.8366 -8
1320200 -10.8723 -8
1320300 -10.7891 -8
1320400 -10.7906 -8
1320500 -10.9069 -8
1320600 -10.9533 -8
1320700 -10.8282 -8
1320800 -10.5157 -8
1320900 -10.5492 -8
1321000 -10.7036 -8
1321100 -10.8274 -8
1321200 -10.8958 -8
1321300 -10.7549 -8
1321400 -10.6523 -8
1321500 -10.5274 -8
1321600 -10.4975 -8
1321700 -10.7422 -8
1321800 -10.8959 -8
1321900 -10.7982 -8
1322000 -10.8583 -8
1322100 -10.908 -8
1322200 -10.8499 -8
1322300 -10.8042 -8
1322400 -10.6562 -8
1322500 -10.6581 -8
1322600 -10.6349 -8
1322700 -10.6299 -8
1322800 -10.8173 -8
1322900 -11.0194 -8
1323000 -11.0757 -8
1323100 -10.7512 -8
1323200 -10.449 -8
1323300 -10.4601 -8
1323400 -10.9566 -8
1323500 -11.3249 -8
1323600 -11.3107 -8
1323700 -10.9459 -8
1323800 -10.6308 -8
1323900 -10.5121 -8
1324000 -10.4531 -8
1324100 -10.3555 -8
1324200 -10.4325 -8
1324300 -10.8359 -8
1324400 -11.0084 -8
1324500 -11.1811 -8
1324600 -11.2688 -8
1324700 -11.1119 -8
1324800 -10.9482 -8
1324900 -10.8385 -8
1325000 -10.548 -8
1325100 -10.5249 -8
1325200 -10.7704 -8
1325300 -10.9503 -8
1325400 -11.2989 -8
1325500 -11.2247 -8
1325600 -10.8763 -8
1325700 -10.5009 -8
1325800 -10.1872 -8
1325900 -10.1527 -8
1326000 -10.4538 -8
1326100 -10.7177 -8
1326200 -11.0415 -8
1326300 -11.2223 -8
1326400 -10.9972 -8
1326500 -10.6856 -8
1326600 -10.5682 -8
1326700 -10.8498 -8
1326800 -11.4558 -8
1326900 -11.7409 -8
1327000 -11.7068 -8
1327100 -11.4209 -8
1327200 -10.7316 -8
1327300 -10.1665 -8
1327400 -10.087 -8
1327500 -10.4457 -8
1327600 -11.1159 -8
1327700 -11.5861 -8
1327800 -11.5522 -8
1327900 -11.2479 -8
1328000 -11.0605 -8
1328100 -11.0462 -8
1328200 -10.9685 -8
1328300 -10.8098 -8
1328400 -11.0197 -8
1328500 -10.9419 -8
1328600 -10.7992 -8
1328700 -10.9482 -8
1328800 -10.8648 -8
1328900 -10.5632 -8
1329000 -10.5493 -8
1329100 -11.0405 -8
1329200 -11.6045 -8
1329300 -11.6323 -8
1329400 -11.247 -8
1329500 -10.6894 -8
1329600 -10.2442 -8
1329700 -10.3264 -8
1329800 -10.5533 -8
1329900 -10.6575 -8
1330000 -10.5485 -8
1330100 -10.6069 -8
1330200 -10.8412 -8
1330300 -11.0756 -8
1330400 -11.1762 -8
1330500 -11.1878 -8
1330600 -11.0844 -8
1330700 -10.7635 -8
1330800 -10.3872 -8
1330900 -10.304 -8
1331000 -10.329 -8
1331100 -10.5067 -8
1331200 -10.6917 -8
1331300 -10.8999 -8
1331400 -11.0714 -8
1331500 -11.0584 -8
1331600 -10.7314 -8
1331700 -10.4787 -8
1331800 -10.7758 -8
1331900 -11.1115 -8
1332000 -11.3348 -8
1332100 -11.4403 -8
1332200 -11.1194 -8
1332300 -10.9042 -8
1332400 -10.7929 -8
1332500 -10.6505 -8
1332600 -10.706 -8
1332700 -10.9335 -8
1332800 -10.9608 -8
1332900 -10.9151 -8
1333000 -10.6313 -8
1333100 -10.3461 -8
1333200 -10.4402 -8
1333300 -10.6839 -8
1333400 -10.7779 -8
1333500 -10.8806 -8
1333600 -10.7793 -8
1333700 -10.6881 -8
1333800 -10.6766 -8
1333900 -10.8449 -8
1334000 -11.0005 -8
1334100 -10.8959 -8
1334200 -10.7591 -8
1334300 -10.6227 -8
1334400 -10.8118 -8
1334500 -11.2304 -8
1334600 -11.5447 -8
1334700 -11.4015 -8
1334800 -10.9875 -8
1334900 -10.6418 -8
1335000 -10.474 -8
1335100 -10.2997 -8
1335200 -10.3897 -8
1335300 -11.092 -8
1335400 -11.6454 -8
1335500 -11.3565 -8
1335600 -10.7204 -8
1335700 -10.4787 -8
1335800 -10.758 -8
1335900 -10.9535 -8
1336000 -11.2774 -8
1336100 -11.6478 -8
1336200 -11.5153 -8
1336300 -11.141 -8
1336400 -10.9608 -8
1336500 -11.0855 -8
1336600 -11.18 -8
1336700 -11.0629 -8
1336800 -10.9192 -8
1336900 -10.5396 -8
1337000 -10.4568 -8
1337100 -10.7536 -8
1337200 -11.236 -8
1337300 -11.3555 -8
1337400 -11.0447 -8
1337500 -10.6844 -8
1337600 -10.5381 -8
1337700 -10.51 -8
1337800 -10.6102 -8
1337900 -10.7287 -8
1338000 -10.762 -8
1338100 -10.76 -8
1338200 -10.769 -8
1338300 -10.5397 -8
1338400 -10.57 -8
1338500 -11.0033 -8
1338600 -11.1012 -8
1338700 -10.9931 -8
1338800 -10.9921 -8
1338900 -10.9539 -8
1339000 -10.6993 -8
1339100 -10.3833 -8
1339200 -10.2928 -8
1339300 -10.4796 -8
1339400 -10.6296 -8
1339500 -11.0627 -8
1339600 -11.2472 -8
1339700 -11.0799 -8
1339800 -10.8478 -8
1339900 -10.6199 -8
1340000 -10.8668 -8
1340100 -11.1148 -8
1340200 -11.2614 -8
1340300 -11.0966 -8
1340400 -10.9995 -8
1340500 -10.9428 -8
1340600 -10.7686 -8
1340700 -10.5233 -8
1340800 -10.3139 -8
1340900 -10.3435 -8
1341000 -10.7633 -8
1341100 -11.2308 -8
1341200 -11.4114 -8
1341300 -11.257 -8
1341400 -10.8913 -8
1341500 -10.6276 -8
1341600 -10.5649 -8
1341700 -10.4959 -8
1341800 -10.4873 -8
1341900 -10.6399 -8
1342000 -10.56 -8
1342100 -10.493 -8
1342200 -10.4527 -8
1342300 -10.575 -8
1342400 -10.819 -8
1342500 -10.8907 -8
1342600 -10.9514 -8
1342700 -10.7975 -8
1342800 -10.6041 -8
1342900 -10.6463 -8
1343000 -10.5862 -8
1343100 -10.6504 -8
1343200 -11.0867 -8
1343300 -11.4166 -8
1343400 -11.5136 -8
1343500 -11.4037 -8
1343600 -11.2482 -8
1343700 -11.0688 -8
1343800 -10.8883 -8
1343900 -10.6837 -8
1344000 -10.6435 -8
1344100 -10.6031 -8
1344200 -10.5094 -8
1344300 -10.72 -8
1344400 -10.9905 -8
1344500 -11.0403 -8
1344600 -10.9621 -8
1344700 -10.8689 -8
1344800 -10.5405 -8
1344900 -10.3327 -8
1345000 -10.6619 -8
1345100 -10.9059 -8
1345200 -11.0048 -8
1345300 -11.155 -8
1345400 -11.4822 -8
1345500 -11.4634 -8
1345600 -11.2485 -8
1345700 -11.017 -8
1345800 -10.7227 -8
1345900 -10.5977 -8
1346000 -10.9546 -8
1346100 -11.2493 -8
1346200 -11.5042 -8
1346300 -11.4447 -8
1346400 -11.2709 -8
1346500 -10.8673 -8
1346600 -10.7912 -8
1346700 -10.7148 -8
1346800 -10.5901 -8
1346900 -10.6109 -8
1347000 -10.6242 -8
1347100 -10.6203 -8
1347200 -10.7992 -8
1347300 -11.1185 -8
1347400 -10.9966 -8
1347500 -10.6829 -8
1347600 -10.5554 -8
1347700 -10.637 -8
1347800 -10.7839 -8
1347900 -11.1498 -8
1348000 -11.1187 -8
1348100 -10.8098 -8
1348200 -10.6899 -8
1348300 -10.9399 -8
1348400 -11.1142 -8
1348500 -11.2114 -8
1348600 -10.9929 -8
1348700 -10.5493 -8
1348800 -10.2165 -8
1348900 -10.2481 -8
1349000 -10.6096 -8
1349100 -10.7191 -8
1349200 -10.4633 -8
1349300 -10.5054 -8
1349400 -11.0702 -8
1349500 -11.2934 -8
1349600 -11.0358 -8
1349700 -10.4791 -8
1349800 -10.3825 -8
1349900 -10.7335 -8
1350000 -10.8792 -8
1350100 -10.8658 -8
1350200 -10.7212 -8
1350300 -10.5927 -8
1350400 -10.4854 -8
1350500 -10.5641 -8
1350600 -10.8576 -8
1350700 -11.1891 -8
1350800 -11.1976 -8
1350900 -11.1186 -8
1351000 -11.1426 -8
1351100 -11.2208 -8
1351200 -11.0646 -8
1351300 -10.6197 -8
1351400 -10.2919 -8
1351500 -10.0621 -8
1351600 -9.85505 -8
1351700 -9.83767 -8
1351800 -10.3266 -8
1351900 -10.8486 -8
1352000 -11.1609 -8
1352100 -11.1574 -8
1352200 -10.9659 -8
1352300 -10.6104 -8
1352400 -10.475 -8
1352500 -10.6225 -8
1352600 -10.9998 -8
1352700 -11.3785 -8
1352800 -11.8084 -8
1352900 -12.0877 -8
1353000 -11.8098 -8
1353100 -10.9475 -8
1353200 -10.2159 -8
1353300 -9.88677 -8
1353400 -10.0048 -8
1353500 -10.2219 -8
1353600 -10.5759 -8
1353700 -10.9423 -8
1353800 -11.2809 -8
1353900 -11.4283 -8
1354000 -11.2852 -8
1354100 -10.8331 -8
1354200 -10.7744 -8
1354300 -10.9107 -8
1354400 -10.9658 -8
1354500 -10.9648 -8
1354600 -11.121 -8
1354700 -11.2026 -8
1354800 -11.0745 -8
1354900 -10.8195 -8
1355000 -10.7177 -8
1355100 -10.8549 -8
1355200 -11.1121 -8
1355300 -11.1921 -8
1355400 -10.912 -8
1355500 -10.5574 -8
1355600 -10.3953 -8
1355700 -10.6034 -8
1355800 -10.9512 -8
1355900 -11.2752 -8
1356000 -11.4163 -8
1356100 -11.4409 -8
1356200 -11.3247 -8
1356300 -11.1772 -8
1356400 -10.8429 -8
1356500 -10.371 -8
1356600 -10.4394 -8
1356700 -10.8579 -8
1356800 -10.9677 -8
1356900 -10.8567 -8
1357000 -10.8296 -8
1357100 -10.8921 -8
1357200 -11.0933 -8
1357300 -11.2833 -8
1357400 -11.269 -8
1357500 -11.3525 -8
1357600 -11.0602 -8
1357700 -10.4501 -8
1357800 -10.323 -8
1357900 -10.78 -8
1358000 -11.3222 -8
1358100 -11.4487 -8
1358200 -11.0939 -8
1358300 -10.8474 -8
1358400 -10.8164 -8
1358500 -10.6889 -8
1358600 -10.5433 -8
1358700 -10.6024 -8
1358800 -10.9662 -8
1358900 -11.1078 -8
1359000 -10.9616 -8
1359100 -10.8363 -8
1359200 -10.7877 -8
1359300 -10.5998 -8
1359400 -10.3922 -8
1359500 -10.7547 -8
1359600 -11.2422 -8
1359700 -11.5531 -8
1359800 -11.6471 -8
1359900 -11.5634 -8
1360000 -11.0082 -8
1360100 -10.278 -8
1360200 -9.98998 -8
1360300 -10.2672 -8
1360400 -10.6298 -8
1360500 -10.8733 -8
1360600 -11.1938 -8
1360700 -11.204 -8
1360800 -10.813 -8
1360900 -10.6059 -8
1361000 -10.6588 -8
1361100 -10.5594 -8
1361200 -10.5465 -8
1361300 -10.4497 -8
1361400 -10.7622 -8
1361500 -11.2076 -8
1361600 -11.2269 -8
1361700 -10.8157 -8
1361800 -10.7007 -8
1361900 -10.9576 -8
1362000 -11.1514 -8
1362100 -11.1427 -8
1362200 -10.9883 -8
1362300 -10.8628 -8
1362400 -10.6449 -8
1362500 -10.6433 -8
1362600 -10.856 -8
1362700 -10.6669 -8
1362800 -10.2979 -8
1362900 -10.1481 -8
1363000 -10.4776 -8
1363100 -10.9275 -8
1363200 -11.316 -8
1363300 -11.3806 -8
1363400 -11.0572 -8
1363500 -10.6267 -8
1363600 -10.5286 -8
1363700 -10.6462 -8
1363800 -10.8696 -8
1363900 -10.7144 -8
1364000 -10.5563 -8
1364100 -10.6622 -8
1364200 -10.7044 -8
1364300 -10.6584 -8
1364400 -10.7052 -8
1364500 -11.0835 -8
1364600 -11.1759 -8
1364700 -10.9782 -8
1364800 -10.9572 -8
1364900 -10.9024 -8
1365000 -10.6566 -8
1365100 -10.5397 -8
1365200 -10.6479 -8
1365300 -10.7652 -8
1365400 -10.992 -8
1365500 -11.1214 -8
1365600 -10.9952 -8
1365700 -10.7529 -8
1365800 -10.6087 -8
1365900 -10.8458 -8
1366000 -10.8851 -8
1366100 -10.62 -8
1366200 -10.6854 -8
1366300 -10.9801 -8
1366400 -11.2389 -8
1366500 -11.0737 -8
1366600 -10.7754 -8
1366700 -10.9155 -8
1366800 -11.2273 -8
1366900 -11.1026 -8
1367000 -10.7269 -8
1367100 -10.6302 -8
1367200 -10.5445 -8
1367300 -10.4694 -8
1367400 -10.5895 -8
1367500 -11.0197 -8
1367600 -11.3457 -8
1367700 -11.3785 -8
1367800 -11.1883 -8
1367900 -10.6363 -8
1368000 -10.2771 -8
1368100 -10.3059 -8
1368200 -10.6027 -8
1368300 -10.8915 -8
1368400 -11.2307 -8
1368500 -11.501 -8
1368600 -11.6587 -8
1368700 -11.5248 -8
1368800 -11.1643 -8
1368900 -10.9999 -8
1369000 -10.8381 -8
1369100 -10.7345 -8
1369200 -10.8755 -8
1369300 -11.0481 -8
1369400 -11.1305 -8
1369500 -10.9102 -8
1369600 -10.4176 -8
1369700 -10.2946 -8
1369800 -10.8454 -8
1369900 -11.3729 -8
1370000 -11.5186 -8
