# Time-averaged data for fix myat3
# TimeStep v_mydensity
100 0.0129889
200 0.0131273
300 0.0133495
400 0.0135659
500 0.0137429
600 0.0139005
700 0.0140468
800 0.0141769
900 0.0142961
1000 0.0144006
1100 0.0144912
1200 0.014569
1300 0.0146469
1400 0.0147264
1500 0.0147846
1600 0.0148176
1700 0.0148583
1800 0.014921
1900 0.0149932
2000 0.0150645
2100 0.0151373
2200 0.0152143
2300 0.0152973
2400 0.0153801
2500 0.0154598
2600 0.0155348
2700 0.0156113
2800 0.0156926
2900 0.0157847
3000 0.0158782
3100 0.0159717
3200 0.0160776
3300 0.0161948
3400 0.0163032
3500 0.0163986
3600 0.0164903
3700 0.0165829
3800 0.0166741
3900 0.016766
4000 0.0168581
4100 0.0169543
4200 0.0170464
4300 0.0171327
4400 0.0172225
4500 0.0173187
4600 0.0174162
4700 0.0174989
4800 0.017576
4900 0.0176578
5000 0.0177626
5100 0.0178866
5200 0.0180089
5300 0.0181233
5400 0.0182268
5500 0.0183248
5600 0.0184237
5700 0.0185268
5800 0.0186236
5900 0.0186988
6000 0.0187733
6100 0.0188689
6200 0.0189823
6300 0.0190932
6400 0.0192003
6500 0.0192948
6600 0.0193802
6700 0.0194688
6800 0.0195618
6900 0.0196513
7000 0.0197457
7100 0.0198467
7200 0.0199582
7300 0.0200816
7400 0.0201995
7500 0.020303
7600 0.0203974
7700 0.0204802
7800 0.0205608
7900 0.0206451
8000 0.0207328
8100 0.0208223
8200 0.020911
8300 0.0209964
8400 0.0210845
8500 0.0211726
8600 0.0212638
8700 0.0213503
8800 0.0214272
8900 0.0214957
9000 0.0215739
9100 0.0216696
9200 0.0217775
9300 0.0218963
9400 0.0220149
9500 0.0221219
9600 0.0222208
9700 0.0223199
9800 0.0224177
9900 0.0225182
10000 0.0226215
10100 0.0227309
10200 0.0228335
10300 0.0229285
10400 0.0230286
10500 0.0231266
10600 0.0232179
10700 0.023306
10800 0.0233994
10900 0.023512
11000 0.0236368
11100 0.0237552
11200 0.0238486
11300 0.0239171
11400 0.0239901
11500 0.0240941
11600 0.0242164
11700 0.0243428
11800 0.0244643
11900 0.0245505
12000 0.024614
12100 0.0246885
12200 0.0247784
12300 0.0248836
12400 0.0249859
12500 0.0250914
12600 0.0252111
12700 0.0253472
12800 0.0254692
12900 0.0255688
13000 0.0256724
13100 0.0257806
13200 0.0258682
13300 0.0259306
13400 0.0259879
13500 0.0260425
13600 0.0260864
13700 0.0261332
13800 0.0261991
13900 0.0262744
14000 0.0263527
14100 0.0264484
14200 0.0265536
14300 0.0266519
14400 0.0267479
14500 0.0268551
14600 0.0269575
14700 0.0270359
14800 0.0270991
14900 0.0271708
15000 0.0272662
15100 0.0273585
15200 0.027426
15300 0.0274899
15400 0.0275516
15500 0.0276089
15600 0.0276603
15700 0.0277113
15800 0.0277784
15900 0.0278553
16000 0.0279276
16100 0.0279913
16200 0.0280501
16300 0.0280959
16400 0.0281201
16500 0.0281429
16600 0.0281867
16700 0.0282568
16800 0.0283287
16900 0.0284018
17000 0.0284693
17100 0.0285308
17200 0.0285825
17300 0.0286293
17400 0.0286723
17500 0.0287016
17600 0.0287338
17700 0.0287687
17800 0.0288113
17900 0.0288673
18000 0.0289333
18100 0.0290173
18200 0.0291046
18300 0.0291931
18400 0.0292684
18500 0.0293463
18600 0.0294605
18700 0.0295943
18800 0.0297286
18900 0.0298563
19000 0.029969
19100 0.0300676
19200 0.0301579
19300 0.0302454
19400 0.0303392
19500 0.0304323
19600 0.0305163
19700 0.0305868
19800 0.0306433
19900 0.0306993
20000 0.0307607
20100 0.0308035
20200 0.030838
20300 0.0308927
20400 0.0309801
20500 0.0311042
20600 0.0312501
20700 0.0313765
20800 0.03148
20900 0.0315778
21000 0.0316436
21100 0.0316735
21200 0.0316914
21300 0.0316947
21400 0.0317083
21500 0.0317186
21600 0.0317161
21700 0.0316979
21800 0.0316762
21900 0.0316618
22000 0.0316555
22100 0.0316745
22200 0.0317315
22300 0.0317927
22400 0.031819
22500 0.0318255
22600 0.0318471
22700 0.0318982
22800 0.0319448
22900 0.0320036
23000 0.0320728
23100 0.0321177
23200 0.0321479
23300 0.0321632
23400 0.0321603
23500 0.0321273
23600 0.0320528
23700 0.0319618
23800 0.0318806
23900 0.0317964
24000 0.0317145
24100 0.0316531
24200 0.0315967
24300 0.0315599
24400 0.0315554
24500 0.0315861
24600 0.0316277
24700 0.0316535
24800 0.0316581
24900 0.0316328
25000 0.0315862
25100 0.0315361
25200 0.0314841
25300 0.0314363
25400 0.0314092
25500 0.0314114
25600 0.0314361
25700 0.0314643
25800 0.0314985
25900 0.0315589
26000 0.0316119
26100 0.0316137
26200 0.0315891
26300 0.0315576
26400 0.0315349
26500 0.0315451
26600 0.0315942
26700 0.0316899
26800 0.0318129
26900 0.0319122
27000 0.031954
27100 0.0319467
27200 0.0319241
27300 0.0319051
27400 0.0319036
27500 0.0319205
27600 0.0319401
27700 0.0319524
27800 0.0319632
27900 0.0319723
28000 0.03197
28100 0.0319729
28200 0.0319987
28300 0.0320245
28400 0.0320139
28500 0.0319588
28600 0.0318891
28700 0.0318271
28800 0.0317809
28900 0.0317424
29000 0.0316942
29100 0.0316323
29200 0.0315698
29300 0.0315284
29400 0.0314981
29500 0.031462
29600 0.0314511
29700 0.0314648
29800 0.0314842
29900 0.0314949
30000 0.0314669
30100 0.0314128
30200 0.0313871
30300 0.0314185
30400 0.0314664
30500 0.031501
30600 0.0315145
30700 0.0315056
30800 0.0315001
30900 0.0315044
31000 0.0315259
31100 0.0315559
31200 0.0315872
31300 0.0316174
31400 0.0316557
31500 0.0317035
31600 0.031758
31700 0.0317943
31800 0.0318
31900 0.0317779
32000 0.0317616
32100 0.0317523
32200 0.0317332
32300 0.0317066
32400 0.0316662
32500 0.0316266
32600 0.0316311
32700 0.0316799
32800 0.0317423
32900 0.0318011
33000 0.0318444
33100 0.0318714
33200 0.0319008
33300 0.031928
33400 0.0319411
33500 0.031939
33600 0.0319137
33700 0.031872
33800 0.0318314
33900 0.0317841
34000 0.0317493
34100 0.0317509
34200 0.0317878
34300 0.0318433
34400 0.0319008
34500 0.0319657
34600 0.0320219
34700 0.0320522
34800 0.0320582
34900 0.032056
35000 0.032039
35100 0.032034
35200 0.0320631
35300 0.0321186
35400 0.0321882
35500 0.0322613
35600 0.0323224
35700 0.0323419
35800 0.0323126
35900 0.0322748
36000 0.032228
36100 0.0321685
36200 0.0321058
36300 0.0320257
36400 0.0319234
36500 0.0318186
36600 0.0317278
36700 0.0316605
36800 0.0315983
36900 0.0315441
37000 0.0315049
37100 0.0314834
37200 0.0314824
37300 0.0314886
37400 0.0314812
37500 0.0314642
37600 0.0314647
37700 0.0314673
37800 0.0314751
37900 0.0314875
38000 0.0315105
38100 0.0315132
38200 0.0314823
38300 0.0314529
38400 0.0314443
38500 0.0314658
38600 0.0315028
38700 0.0315401
38800 0.0315621
38900 0.0315837
39000 0.031608
39100 0.0316338
39200 0.0316697
39300 0.0316839
39400 0.0316771
39500 0.0316497
39600 0.0316042
39700 0.0315856
39800 0.0315881
39900 0.0315944
40000 0.0315966
